GeneID,Mean,Mean.log10,Std.Dev,log10.Std.Dev,0.025,0.975,log10.0.025,log10.0.975
lcl|NC_000913.3_cds_NP_414543.1_2,0.745795965194702,-0.12739884853363,2.94478757375666e-05,1.7287076192778e-06,0.745766520500183,0.745766520500183,-0.127397117204789,-0.127397117204789
lcl|NC_000913.3_cds_NP_414550.1_9,0.882048606872559,-0.0545205883681774,2.51563124907959e-05,7.19044171094674e-07,0.882023453712463,0.882023453712463,-0.0545198664753489,-0.0545198664753489
lcl|NC_000913.3_cds_NP_414554.1_12,0.748225212097168,-0.125995263457298,4.45289931678084e-05,1.75850380504321e-06,0.748180687427521,0.748180687427521,-0.125993506311441,-0.125993506311441
lcl|NC_000913.3_cds_NP_414555.1_13,4.52801704406738,0.655944883823395,0.000170248097987041,2.05060485049814e-05,4.52818727493286,4.52818727493286,0.655924379926695,0.655924379926695
lcl|NC_000913.3_cds_NP_414556.1_14,1.85934805870056,0.269331336021423,8.94163395022358e-05,8.46442521928812e-06,1.8592586517334,1.8592586517334,0.269339811077274,0.269339811077274
lcl|NC_000913.3_cds_NP_414567.1_25,2.39127111434937,0.378629595041275,0.000116358365669542,2.19071282598268e-05,2.39115476608276,2.39115476608276,0.378607686479843,0.378607686479843
lcl|NC_000913.3_cds_NP_414569.1_27,1.4560272693634,0.163148149847984,5.23376214907122e-05,5.75235336875739e-06,1.45597493648529,1.45597493648529,0.163153898988129,0.163153898988129
lcl|NC_000913.3_cds_NP_414570.1_28,1.4959682226181,0.174909994006157,6.46174796589648e-05,6.37813815713826e-06,1.49590361118317,1.49590361118317,0.17490361058733,0.17490361058733
lcl|NC_000913.3_cds_NP_414573.1_31,1.25988531112671,0.100339964032173,1.39484982610679e-05,4.14284859447636e-06,1.25989925861359,1.25989925861359,0.100335820373633,0.100335820373633
lcl|NC_000913.3_cds_NP_414574.1_32,2.56517744064331,0.409082412719727,8.98956365269359e-05,1.97899847249081e-05,2.56508755683899,2.56508755683899,0.40910219393245,0.40910219393245
lcl|NC_000913.3_cds_NP_414577.2_34,0.261147141456604,-0.583089232444763,4.4706353127127e-06,1.8121624783322e-05,0.261151611804962,0.261151611804962,-0.583107289391066,-0.583107289391066
lcl|NC_000913.3_cds_NP_414583.2_40,0.927721679210663,-0.0325976349413395,3.40965708900891e-05,6.22175912453919e-07,0.927687585353851,0.927687585353851,-0.0325982552472973,-0.0325982552472973
lcl|NC_000913.3_cds_NP_414584.1_41,1.66307866573334,0.22089421749115,4.55419370298936e-05,6.67638801040952e-06,1.66303312778473,1.66303312778473,0.220900900494809,0.220900900494809
lcl|NC_000913.3_cds_NP_414590.1_47,0.801022410392761,-0.0963669121265411,1.41869419063567e-05,3.88970326848394e-06,0.801008224487305,0.801008224487305,-0.0963630247008865,-0.0963630247008865
lcl|NC_000913.3_cds_NP_414592.1_49,0.528831899166107,-0.276653677225113,3.02814446832708e-05,3.84479196886576e-06,0.528862178325653,0.528862178325653,-0.276657490518917,-0.276657490518917
lcl|NC_000913.3_cds_NP_414595.1_52,1.95507168769836,0.291140347719193,5.03126249815919e-05,1.11770424377795e-05,1.95502138137817,1.95502138137817,0.291151511483179,0.291151511483179
lcl|NC_000913.3_cds_NP_414596.1_53,1.4441990852356,0.159605726599693,9.00127876497692e-05,5.72261824514537e-06,1.44410908222198,1.44410908222198,0.159599999340146,0.159599999340146
lcl|NC_000913.3_cds_NP_414600.1_56,0.496902823448181,-0.303720593452454,7.39171524635082e-06,1.43959263414028e-05,0.496895432472229,0.496895432472229,-0.303734995327769,-0.303734995327769
lcl|NC_000913.3_cds_NP_414601.1_57,2.07285618782043,0.316536217927933,0.000100142663730609,1.19815957701826e-05,2.07275605201721,2.07275605201721,0.316548191868566,0.316548191868566
lcl|NC_000913.3_cds_NP_414602.1_58,0.744695782661438,-0.127990797162056,5.00713318653044e-05,1.10279624207601e-06,0.744745850563049,0.744745850563049,-0.12799190782771,-0.12799190782771
lcl|NC_000913.3_cds_NP_414603.1_59,1.0002977848053,0.000119930758955888,2.15792198792651e-05,8.26604025321105e-09,1.00027620792389,1.00027620792389,0.000119939013912418,0.000119939013912418
lcl|NC_000913.3_cds_NP_414608.1_64,0.511395156383514,-0.291259109973907,1.18025039729979e-05,5.6927421287367e-06,0.511383354663849,0.511383354663849,-0.291253412201918,-0.291253412201918
lcl|NC_000913.3_cds_NP_414614.1_71,1.55188059806824,0.190872520208359,8.82225359508521e-05,1.04767314061747e-05,1.5519688129425,1.5519688129425,0.190882989793907,0.190882989793907
lcl|NC_000913.3_cds_NP_414620.1_77,0.344762682914734,-0.462428033351898,2.14009014647264e-05,2.47690582341294e-05,0.344784080982208,0.344784080982208,-0.462452794184866,-0.462452794184866
lcl|NC_000913.3_cds_NP_414622.1_78,0.782727003097534,-0.106382444500923,2.26512428283125e-05,5.32773203111259e-06,0.782749652862549,0.782749652862549,-0.106377116313938,-0.106377116313938
lcl|NC_000913.3_cds_NP_414624.1_80,1.02716064453125,0.0116348434239626,7.86860019730564e-06,2.01185801891094e-07,1.02715277671814,1.02715277671814,0.0116350445232908,0.0116350445232908
lcl|NC_000913.3_cds_NP_414626.1_82,1.02798783779144,0.011992453597486,9.41812698453153e-06,4.98300469723219e-07,1.02799725532532,1.02799725532532,0.011991955127486,0.011991955127486
lcl|NC_000913.3_cds_NP_414627.1_83,1.05566704273224,0.0235367100685835,2.44409218839058e-05,3.07362862419112e-07,1.0556914806366,1.0556914806366,0.0235370168400257,0.0235370168400257
lcl|NC_000913.3_cds_NP_414628.1_84,1.28415036201477,0.108604922890663,3.39778318423907e-05,5.36495460482379e-07,1.28411638736725,1.28411638736725,0.108604388297184,0.108604388297184
lcl|NC_000913.3_cds_NP_414630.1_86,1.07125115394592,0.0298705771565437,5.03126249815919e-05,3.33448924716974e-07,1.07120084762573,1.07120084762573,0.0298709076550286,0.0298709076550286
lcl|NC_000913.3_cds_NP_414633.1_89,0.983197391033173,-0.00737123796716332,2.64663280060166e-05,2.64984020058043e-07,0.983170926570892,0.983170926570892,-0.00737097248990809,-0.00737097248990809
lcl|NC_000913.3_cds_NP_414635.1_91,0.443605273962021,-0.353000283241272,1.2578156245398e-05,9.29925474163341e-06,0.443617850542068,0.443617850542068,-0.352990986788106,-0.352990986788106
lcl|NC_000913.3_cds_NP_414636.1_92,0.636245429515839,-0.19635383784771,1.96712231948232e-05,8.06247582684373e-06,0.636265099048615,0.636265099048615,-0.1963618983987,-0.1963618983987
lcl|NC_000913.3_cds_NP_414637.1_93,2.34186220169067,0.369596689939499,8.17874690323958e-05,2.01783670044067e-05,2.34194397926331,2.34194397926331,0.36957650227016,0.36957650227016
lcl|NC_000913.3_cds_NP_414640.1_96,2.42293381690979,0.384375005960464,0.000147591686167638,7.0044475502563e-06,2.42308139801025,2.42308139801025,0.384368003536153,0.384368003536153
lcl|NC_000913.3_cds_NP_414645.1_100,0.379752933979034,-0.420527249574661,1.71678547354361e-05,8.7331845474028e-06,0.379735767841339,0.379735767841339,-0.420518494130874,-0.420518494130874
lcl|NC_000913.3_cds_NP_414646.1_101,1.70117008686066,0.230726391077042,2.36050079459957e-05,1.53346696163558e-05,1.70114648342133,1.70114648342133,0.230741711732798,0.230741711732798
lcl|NC_000913.3_cds_NP_414651.1_105,0.566183924674988,-0.247020453214645,3.52894797464324e-05,5.05197130269954e-06,0.566219210624695,0.566219210624695,-0.247015400024314,-0.247015400024314
lcl|NC_000913.3_cds_NP_414657.1_111,3.57812142372131,0.55364316701889,4.43487221910751e-05,6.49735991062525e-06,3.5780770778656,3.5780770778656,0.55364969177388,0.55364969177388
lcl|NC_000913.3_cds_NP_414658.1_112,3.84881711006165,0.585290193557739,5.1978879285002e-05,3.12352278383197e-05,3.8487651348114,3.8487651348114,0.585321409726039,0.585321409726039
lcl|NC_000913.3_cds_NP_414660.1_114,2.72385740280151,0.435189634561539,6.86714189417445e-05,5.6927421287367e-06,2.72392606735229,2.72392606735229,0.435195315804378,0.435195315804378
lcl|NC_000913.3_cds_NP_414665.1_119,0.860296845436096,-0.0653710663318634,4.4290078976898e-05,2.96559343919461e-06,0.860252559185028,0.860252559185028,-0.065374026712516,-0.065374026712516
lcl|NC_000913.3_cds_NP_414666.1_120,1.45665395259857,0.163376688957214,5.93727394866357e-05,2.5929660443003e-06,1.45671331882477,1.45671331882477,0.163374091026776,0.163374091026776
lcl|NC_000913.3_cds_NP_414685.4_139,1.67080819606781,0.222910910844803,4.00583277160176e-05,5.27546371464297e-06,1.67076814174652,1.67076814174652,0.222916185532753,0.222916185532753
lcl|NC_000913.3_cds_NP_414690.4_144,0.384545981884003,-0.415039151906967,9.2394788618061e-06,2.14598184192951e-06,0.384555220603943,0.384555220603943,-0.415041288420061,-0.415041288420061
lcl|NC_000913.3_cds_NP_414691.1_145,1.32456541061401,0.122065126895905,4.26814623637726e-05,5.70769669547293e-06,1.32452273368835,1.32452273368835,0.122059416790045,0.122059416790045
lcl|NC_000913.3_cds_NP_414692.1_146,1.78817522525787,0.252432107925415,6.4378014261221e-05,6.40807594935063e-06,1.78823959827423,1.78823959827423,0.252425707545495,0.252425707545495
lcl|NC_000913.3_cds_NP_414693.1_147,0.859196782112122,-0.0658898279070854,2.90310627687478e-05,2.86130912257269e-06,0.859225809574127,0.859225809574127,-0.0658926860354952,-0.0658926860354952
lcl|NC_000913.3_cds_NP_414703.1_157,2.51782035827637,0.401008754968643,3.91045580479255e-05,2.2741067504325e-05,2.51785945892334,2.51785945892334,0.401031485137415,0.401031485137415
lcl|NC_000913.3_cds_NP_414706.2_160,0.343291163444519,-0.464334964752197,1.3352776020819e-05,1.44856182808014e-05,0.343304514884949,0.343304514884949,-0.464320485019557,-0.464320485019557
lcl|NC_000913.3_cds_NP_414711.1_164,5.84947299957275,0.76708996295929,0.000323809417861256,2.74208791791867e-06,5.84914922714233,5.84914922714233,0.767092701496292,0.767092701496292
lcl|NC_000913.3_cds_NP_414714.1_167,2.28682518005371,0.359226405620575,7.8209116095851e-05,8.28569718895272e-06,2.28674697875977,2.28674697875977,0.359218113969466,0.359218113969466
lcl|NC_000913.3_cds_NP_414718.1_171,0.341767191886902,-0.46630322933197,1.47834304927016e-05,1.48137483782602e-05,0.341752409934998,0.341752409934998,-0.466288414235543,-0.466288414235543
lcl|NC_000913.3_cds_NP_414719.1_172,1.95119750499725,0.290317505598068,9.1561891922326e-05,4.1130043475017e-06,1.95128905773163,1.95128905773163,0.290321609158267,0.290321609158267
lcl|NC_000913.3_cds_NP_414723.1_176,1.22457814216614,0.0879749953746796,4.24412093991527e-05,3.53931999571746e-06,1.22453570365906,1.22453570365906,0.08797145232399,0.08797145232399
lcl|NC_000913.3_cds_NP_414727.1_180,2.21377801895142,0.345095038414001,0.000134962093137013,1.25477914100897e-05,2.21364307403564,2.21364307403564,0.345107596907195,0.345107596907195
lcl|NC_000913.3_cds_NP_414734.1_188,0.57959121465683,-0.236866652965546,1.37699292641422e-05,1.25182274112555e-06,0.579604983329773,0.579604983329773,-0.23686788920618,-0.23686788920618
lcl|NC_000913.3_cds_NP_414736.1_190,2.84087657928467,0.453472942113876,9.89533282899372e-05,5.45429731735089e-06,2.840975522995,2.840975522995,0.453467491986223,0.453467491986223
lcl|NC_000913.3_cds_NP_414737.1_191,0.78740131855011,-0.103792116045952,1.71678547354361e-05,2.28006397662706e-06,0.787418484687805,0.787418484687805,-0.103794394341717,-0.103794394341717
lcl|NC_000913.3_cds_NP_414738.1_192,0.650893330574036,-0.186474993824959,1.76447398732162e-05,3.42751318292352e-06,0.650910973548889,0.650910973548889,-0.186478406731958,-0.186478406731958
lcl|NC_000913.3_cds_NP_414739.1_193,2.26953268051147,0.355950444936752,2.64663280060166e-05,8.9412706254254e-06,2.26955914497375,2.26955914497375,0.355941504990759,0.355941504990759
lcl|NC_000913.3_cds_NP_414745.1_199,0.310300230979919,-0.508226633071899,1.14452364902907e-05,7.27239785434636e-06,0.310288786888123,0.310288786888123,-0.508233918520261,-0.508233918520261
lcl|NC_000913.3_cds_NP_414747.1_201,0.828386247158051,-0.081754207611084,3.4573460529366e-05,5.20846111186115e-06,0.82842081785202,0.82842081785202,-0.081748996011495,-0.081748996011495
lcl|NC_000913.3_cds_NP_414755.1_211,0.30825811624527,-0.511078119277954,3.30829100075207e-06,2.68247732262087e-06,0.308261424303055,0.308261424303055,-0.511080819290747,-0.511080819290747
lcl|NC_000913.3_cds_NP_414772.1_228,2.24387192726135,0.350981086492538,4.05352135207902e-06,1.6184730244095e-05,2.24386787414551,2.24386787414551,0.350997280739699,0.350997280739699
lcl|NC_000913.3_cds_NP_414774.1_230,0.757373988628387,-0.120672665536404,1.76447398732162e-05,6.83295398030663e-06,0.757391631603241,0.757391631603241,-0.120679497695009,-0.120679497695009
lcl|NC_000913.3_cds_NP_414776.1_232,0.73431009054184,-0.134150609374046,4.16075763923536e-05,5.49919538314958e-06,0.734268486499786,0.734268486499786,-0.134145110540567,-0.134145110540567
lcl|NC_000913.3_cds_NP_414778.1_234,1.22204267978668,0.087073914706707,2.51563124907959e-05,3.52456502869196e-06,1.22201752662659,1.22201752662659,0.087077434763023,0.087077434763023
lcl|NC_000913.3_cds_NP_414785.4_243,0.686582565307617,-0.16328364610672,3.21302709784138e-05,3.26376890502866e-06,0.686614692211151,0.686614692211151,-0.163286907758562,-0.163286907758562
lcl|NC_000913.3_cds_NP_414786.4_246,0.504643678665161,-0.296997606754303,1.49626951474456e-05,4.70906349226577e-06,0.504658639431,0.504658639431,-0.297002287505175,-0.297002287505175
lcl|NC_000913.3_cds_NP_414793.1_252,0.462891906499863,-0.334502577781677,6.73580415432198e-06,1.15047067375148e-05,0.462898641824722,0.462898641824722,-0.334514093464098,-0.334514093464098
lcl|NC_000913.3_cds_NP_414796.2_255,1.04293274879456,0.0182444248348475,2.69432166172879e-05,6.61295060724366e-07,1.04290580749512,1.04290580749512,0.0182450858643346,0.0182450858643346
lcl|NC_000913.3_cds_NP_414801.1_262,0.711422383785248,-0.14788693189621,1.49626951474456e-05,5.32025306209502e-06,0.711407423019409,0.711407423019409,-0.147881607579323,-0.147881607579323
lcl|NC_000913.3_cds_NP_414803.1_264,1.29796719551086,0.113260559737682,6.55716678699573e-06,5.35022536618159e-06,1.29797375202179,1.29797375202179,0.113265910132026,0.113265910132026
lcl|NC_000913.3_cds_NP_414805.1_266,1.5994907617569,0.203967243432999,8.29749134176096e-05,8.03256774460345e-06,1.59940779209137,1.59940779209137,0.203959207508455,0.203959207508455
lcl|NC_000913.3_cds_NP_414806.1_267,1.06626284122467,0.0278626307845116,2.98053039259834e-06,4.30310289504442e-07,1.06625986099243,1.06625986099243,0.027863060639632,0.027863060639632
lcl|NC_000913.3_cds_NP_414818.1_281,0.55486398935318,-0.255813002586365,5.42437063007596e-06,3.78518058540886e-06,0.554869413375854,0.554869413375854,-0.25580921457708,-0.25580921457708
lcl|NC_000913.3_cds_NP_414819.1_282,0.55534702539444,-0.255447298288345,1.43660395089423e-05,5.06690169009877e-07,0.555332660675049,0.555332660675049,-0.255446783696837,-0.255446783696837
lcl|NC_000913.3_cds_NP_414820.1_283,0.348135560750961,-0.458258450031281,2.10725668130537e-05,1.943273822978e-05,0.348114490509033,0.348114490509033,-0.458277898528027,-0.458277898528027
lcl|NC_000913.3_cds_NP_414823.2_286,0.352877020835876,-0.452392429113388,9.98479545269693e-06,3.51700761008642e-06,0.352867037057877,0.352867037057877,-0.452388909201649,-0.452388909201649
lcl|NC_000913.3_cds_NP_414825.1_288,0.562983810901642,-0.249512359499931,1.72273672441007e-05,5.0370185180258e-06,0.562966585159302,0.562966585159302,-0.249517381901045,-0.249517381901045
lcl|NC_000913.3_cds_NP_414826.1_289,0.464003652334213,-0.333495527505875,1.16542323693568e-05,6.02047310450521e-06,0.46399199962616,0.46399199962616,-0.333489507695478,-0.333489507695478
lcl|NC_000913.3_cds_NP_414841.1_307,0.305788069963455,-0.514570951461792,6.31872436191719e-06,4.76884847446811e-07,0.305794388055801,0.305794388055801,-0.514570489030835,-0.514570489030835
lcl|NC_000913.3_cds_NP_414845.1_310,1.10044050216675,0.0415613427758217,1.60945035653053e-05,1.1288699575645e-06,1.10042440891266,1.10042440891266,0.0415602150677982,0.0415602150677982
lcl|NC_000913.3_cds_NP_414846.1_311,1.56790292263031,0.1953284740448,8.27401329524243e-05,1.3605952577848e-05,1.56798565387726,1.56798565387726,0.195342084834105,0.195342084834105
lcl|NC_000913.3_cds_NP_414848.1_313,0.855200588703156,-0.0679414644837379,2.2473909131734e-05,1.9597360670426e-06,0.855178117752075,0.855178117752075,-0.067943420359042,-0.067943420359042
lcl|NC_000913.3_cds_NP_414850.1_315,0.44003227353096,-0.356539309024811,1.05807209715899e-05,1.34122629821285e-05,0.440021693706512,0.440021693706512,-0.356525911639311,-0.356525911639311
lcl|NC_000913.3_cds_NP_414855.1_320,1.20316398143768,0.0803453698754311,5.34111040832762e-05,1.26667847769997e-06,1.2032173871994,1.2032173871994,0.0803440991037807,0.0803440991037807
lcl|NC_000913.3_cds_NP_414857.1_321,0.710692465305328,-0.148319393396378,9.00103336011226e-06,4.39641275296649e-06,0.710683465003967,0.710683465003967,-0.148323788878767,-0.148323788878767
lcl|NC_000913.3_cds_NP_414859.1_323,0.654712617397308,-0.183961018919945,2.76006755699013e-05,6.57224832293857e-06,0.654685020446777,0.654685020446777,-0.183967595860851,-0.183967595860851
lcl|NC_000913.3_cds_NP_414878.1_341,0.901356518268585,-0.0451169908046722,2.70029938244526e-05,5.84918818638874e-07,0.901329517364502,0.901329517364502,-0.0451164061235642,-0.0451164061235642
lcl|NC_000913.3_cds_NP_414881.1_344,1.10804569721222,0.0445554405450821,8.7028462413813e-06,1.17726587306644e-06,1.10803699493408,1.10803699493408,0.0445542607782515,0.0445542607782515
lcl|NC_000913.3_cds_NP_414884.2_347,0.530180215835571,-0.275598496198654,2.11614419431797e-05,4.67935054911099e-06,0.530159056186676,0.530159056186676,-0.275593815567109,-0.275593815567109
lcl|NC_000913.3_cds_NP_414886.1_349,1.01678907871246,0.00724188145250082,2.56323037974025e-05,6.14734390414503e-08,1.01681470870972,1.01681470870972,0.00724181986820157,0.00724181986820157
lcl|NC_000913.3_cds_NP_414902.1_364,0.377565443515778,-0.42298349738121,1.07598302024525e-05,1.18926688168744e-05,0.37757620215416,0.37757620215416,-0.422995386192899,-0.422995386192899
lcl|NC_000913.3_cds_NP_414910.1_370,0.61735475063324,-0.209475517272949,2.40235060870448e-05,6.60173076815414e-06,0.617330729961395,0.617330729961395,-0.209482103851799,-0.209482103851799
lcl|NC_000913.3_cds_NP_414912.1_372,0.440940588712692,-0.355592906475067,1.60651354892069e-05,1.12067939688145e-05,0.440956652164459,0.440956652164459,-0.355604101350915,-0.355604101350915
lcl|NC_000913.3_cds_NP_414915.1_375,0.856390416622162,-0.0673515796661377,4.07128235196776e-05,2.73469263828285e-06,0.85634970664978,0.85634970664978,-0.0673488467090535,-0.0673488467090535
lcl|NC_000913.3_cds_NP_414917.2_377,0.619693219661713,-0.207820817828178,1.20409462090104e-05,5.99079788509132e-06,0.619705259799957,0.619705259799957,-0.207814817724126,-0.207814817724126
lcl|NC_000913.3_cds_NP_414919.1_379,0.276566803455353,-0.558193922042847,1.04914668195101e-05,2.25331512061091e-05,0.276556313037872,0.276556313037872,-0.558216423305035,-0.558216423305035
lcl|NC_000913.3_cds_NP_414927.1_387,1.36072957515717,0.133770167827606,1.32331640030083e-05,2.56325606312268e-06,1.36071634292603,1.36071634292603,0.133767600926074,0.133767600926074
lcl|NC_000913.3_cds_NP_414928.2_388,0.395232141017914,-0.403191953897476,2.63486082775135e-05,1.52603151182979e-05,0.395205795764923,0.395205795764923,-0.403176695030088,-0.403176695030088
lcl|NC_000913.3_cds_NP_414933.1_392,0.443116992712021,-0.353482484817505,1.23392631469322e-05,1.29947198212505e-05,0.443129330873489,0.443129330873489,-0.353469502925006,-0.353469502925006
lcl|NC_000913.3_cds_NP_414934.1_393,0.461940735578537,-0.335364401340485,2.76888696493989e-05,2.33084647387135e-05,0.461968421936035,0.461968421936035,-0.335387709828372,-0.335387709828372
lcl|NC_000913.3_cds_NP_414937.2_396,0.392211437225342,-0.406492680311203,5.45429731735089e-06,6.88496463207108e-06,0.392205983400345,0.392205983400345,-0.40648578512532,-0.40648578512532
lcl|NC_000913.3_cds_NP_414939.1_398,1.03140473365784,0.0134306773543358,3.21897283025751e-06,2.02115229675492e-07,1.03140795230865,1.03140795230865,0.0134304755586281,0.0134304755586281
lcl|NC_000913.3_cds_NP_414942.1_401,2.0941264629364,0.321035295724869,6.60503782086768e-05,1.86876134752503e-05,2.09419250488281,2.09419250488281,0.321016600917638,0.321016600917638
lcl|NC_000913.3_cds_NP_414944.1_403,1.0185079574585,0.00793954357504845,5.86553297195217e-05,1.26672542252469e-07,1.01844930648804,1.01844930648804,0.00793941678200732,0.00793941678200732
lcl|NC_000913.3_cds_NP_414948.1_407,0.392359405755997,-0.40627920627594,1.39484982610679e-05,2.12810122483801e-05,0.392373353242874,0.392373353242874,-0.406300493984564,-0.406300493984564
lcl|NC_000913.3_cds_NP_414959.1_418,0.451902866363525,-0.344970136880875,9.2697443557205e-06,6.31872436191719e-06,0.451893597841263,0.451893597841263,-0.344963811450182,-0.344963811450182
lcl|NC_000913.3_cds_NP_414968.4_427,2.2474262714386,0.351693004369736,0.000124940911353279,1.66019291457399e-05,2.24755120277405,2.24755120277405,0.35170959443371,0.35170959443371
lcl|NC_000913.3_cds_NP_414970.1_429,4.84113788604736,0.684886336326599,0.000276113420082746,3.63622820964654e-05,4.84086179733276,4.84086179733276,0.684922684063627,0.684922684063627
lcl|NC_000913.3_cds_NP_414973.1_432,1.83102774620056,0.262685805559158,8.52437124978015e-05,1.10871805477688e-05,1.83094251155853,1.83094251155853,0.262674708417012,0.262674708417012
lcl|NC_000913.3_cds_NP_414974.1_433,2.78710508346558,0.44515785574913,4.72100158919915e-05,1.18926688168744e-05,2.78705787658691,2.78705787658691,0.445145987450779,0.445145987450779
lcl|NC_000913.3_cds_NP_414975.1_434,2.09436297416687,0.321044445037842,5.43648725630674e-05,3.7553951961029e-06,2.09430861473083,2.09430861473083,0.32104067915702,0.32104067915702
lcl|NC_000913.3_cds_NP_414976.1_435,0.626300513744354,-0.203186213970184,4.18464829034492e-05,2.01181294566316e-06,0.626342356204987,0.626342356204987,-0.203188218277767,-0.203188218277767
lcl|NC_000913.3_cds_NP_414979.1_438,0.25574666261673,-0.592201828956604,9.2697443557205e-06,2.75398585282843e-05,0.255755931138992,0.255755931138992,-0.592174285940073,-0.592174285940073
lcl|NC_000913.3_cds_NP_414986.1_445,0.881518661975861,-0.054782573133707,3.55865811625299e-05,3.45008444623766e-06,0.88148307800293,0.88148307800293,-0.0547860205177973,-0.0547860205177973
lcl|NC_000913.3_cds_NP_414987.3_446,1.00748264789581,0.00323779345490038,8.3454850130119e-07,1.41347264338989e-07,1.00748348236084,1.00748348236084,0.00323793463612895,0.00323793463612895
lcl|NC_000913.3_cds_NP_414995.1_454,1.87605679035187,0.273269861936569,5.06686351340087e-05,1.21307064490967e-05,1.87610745429993,1.87610745429993,0.273257709028688,0.273257709028688
lcl|NC_000913.3_cds_NP_414996.1_455,1.42859935760498,0.154903188347816,4.42315111238522e-05,6.18458301812107e-06,1.42855513095856,1.42855513095856,0.154897005383144,0.154897005383144
lcl|NC_000913.3_cds_NP_415003.1_462,0.781265020370483,-0.107179455459118,3.1891230062286e-05,4.44090542423032e-06,0.781296908855438,0.781296908855438,-0.107183893941648,-0.107183893941648
lcl|NC_000913.3_cds_NP_415004.1_463,3.07324123382568,0.487569689750671,1.95522790239628e-05,2.42024550475628e-05,3.0732216835022,3.0732216835022,0.487593888746216,0.487593888746216
lcl|NC_000913.3_cds_NP_415006.1_465,3.11131286621094,0.492921441793442,7.94005574211554e-05,1.11770424377795e-05,3.1112334728241,3.1112334728241,0.492932602608097,0.492932602608097
lcl|NC_000913.3_cds_NP_415007.1_466,3.29204249382019,0.517486333847046,8.01166554320352e-05,1.03126243166773e-05,3.29212260246277,3.29212260246277,0.517476000471451,0.517476000471451
lcl|NC_000913.3_cds_NP_415013.1_472,0.808609187602997,-0.0922324657440186,4.39345418169477e-05,5.27546371464297e-06,0.808653116226196,0.808653116226196,-0.0922377355149483,-0.0922377355149483
lcl|NC_000913.3_cds_NP_415017.1_476,1.10497832298279,0.0433499366044998,1.37100527316941e-05,1.56472912079076e-06,1.10496461391449,1.10496461391449,0.0433483701227154,0.0433483701227154
lcl|NC_000913.3_cds_NP_415028.1_487,0.520995676517487,-0.283169984817505,6.13969489333156e-06,1.0431856363701e-06,0.520989537239075,0.520989537239075,-0.283170998322283,-0.283170998322283
lcl|NC_000913.3_cds_NP_415029.1_488,0.531980931758881,-0.274125009775162,1.31743041387567e-05,1.03126243166773e-05,0.531967759132385,0.531967759132385,-0.274114688109458,-0.274114688109458
lcl|NC_000913.3_cds_NP_415030.1_489,0.289805561304092,-0.537847340106964,1.7286730264683e-05,2.00291638580088e-05,0.289822846651077,0.289822846651077,-0.537867382207144,-0.537867382207144
lcl|NC_000913.3_cds_NP_415049.1_507,0.49252837896347,-0.307577043771744,8.22600869500339e-06,1.55588130739358e-05,0.492536604404449,0.492536604404449,-0.307561488008745,-0.307561488008745
lcl|NC_000913.3_cds_NP_415050.1_508,0.327430158853531,-0.484863191843033,1.60057816241414e-05,3.09975158054447e-06,0.327446162700653,0.327446162700653,-0.484860094646377,-0.484860094646377
lcl|NC_000913.3_cds_NP_415054.1_512,0.347047626972198,-0.459608435630798,6.97424913053394e-06,6.25891648316306e-06,0.347054600715637,0.347054600715637,-0.459602194015777,-0.459602194015777
lcl|NC_000913.3_cds_NP_415055.1_513,1.15231108665466,0.0615545883774757,3.50503519081319e-05,1.94109141198828e-06,1.15227603912354,1.15227603912354,0.0615565310902335,0.0615565310902335
lcl|NC_000913.3_cds_NP_415058.1_516,3.35548400878906,0.525785207748413,0.000105394433110054,1.63928697974766e-05,3.35558938980103,3.35558938980103,0.525768812510152,0.525768812510152
lcl|NC_000913.3_cds_NP_415059.1_517,1.81641149520874,0.259229749441147,2.87320790178846e-05,8.64336513234151e-06,1.81644022464752,1.81644022464752,0.259221110686002,0.259221110686002
lcl|NC_000913.3_cds_NP_415084.1_546,0.469212979078293,-0.328643620014191,2.43211271139131e-05,8.88181084846064e-06,0.469188660383224,0.469188660383224,-0.328652492704215,-0.328652492704215
lcl|NC_000913.3_cds_NP_415100.1_564,0.541973769664764,-0.266035288572311,2.06850332381061e-05,3.0102365522526e-06,0.541953086853027,0.541953086853027,-0.266038305717438,-0.266038305717438
lcl|NC_000913.3_cds_NP_415104.1_568,0.29458948969841,-0.530763208866119,5.12651212624536e-06,1.19815957701826e-05,0.294594615697861,0.294594615697861,-0.530775195015713,-0.530775195015713
lcl|NC_000913.3_cds_NP_415106.1_570,0.790464103221893,-0.102144159376621,5.66903705801896e-05,4.83602821926961e-06,0.790407419204712,0.790407419204712,-0.102148991871157,-0.102148991871157
lcl|NC_000913.3_cds_NP_415107.1_571,0.656509637832642,-0.182739272713661,2.90310627687478e-05,4.17274250650595e-07,0.656538665294647,0.656538665294647,-0.182739692073161,-0.182739692073161
lcl|NC_000913.3_cds_NP_415110.1_574,1.6969051361084,0.22968190908432,7.04618735326983e-05,6.31872436191719e-06,1.69697558879852,1.69697558879852,0.22967559498335,0.22967559498335
lcl|NC_000913.3_cds_NP_415116.1_581,1.40087950229645,0.146407052874565,1.45447957086927e-05,1.75850380504321e-06,1.40089404582977,1.40089404582977,0.146405289424558,0.146405289424558
lcl|NC_000913.3_cds_NP_415118.1_584,0.605646848678589,-0.217784374952316,1.52603151182979e-05,7.12340918705389e-06,0.605631589889526,0.605631589889526,-0.217791480012446,-0.217791480012446
lcl|NC_000913.3_cds_NP_415124.1_590,0.417629212141037,-0.379176765680313,1.73465477662807e-05,1.43364635420416e-05,0.417646557092667,0.417646557092667,-0.379191094389381,-0.379191094389381
lcl|NC_000913.3_cds_NP_415125.1_591,0.728514611721039,-0.137572154402733,1.13256214141562e-05,3.6659581074701e-06,0.728503286838531,0.728503286838531,-0.137568484453199,-0.137568484453199
lcl|NC_000913.3_cds_NP_415126.1_592,0.836973607540131,-0.0772610306739807,5.65706761954472e-05,2.14598184192951e-06,0.837030172348022,0.837030172348022,-0.0772588867521692,-0.0772588867521692
lcl|NC_000913.3_cds_NP_415128.1_594,0.673513472080231,-0.171677961945534,3.06990846389307e-05,4.4560082134081e-06,0.673482775688171,0.673482775688171,-0.17167350687379,-0.17167350687379
lcl|NC_000913.3_cds_NP_415129.1_595,0.458738625049591,-0.338464468717575,9.83561159741159e-06,2.0476250522806e-05,0.458728790283203,0.458728790283203,-0.338444002251374,-0.338444002251374
lcl|NC_000913.3_cds_NP_415139.2_605,2.38281679153442,0.377081900835037,3.52894797464324e-05,1.51707094921281e-05,2.38285207748413,2.38285207748413,0.377097083082355,0.377097083082355
lcl|NC_000913.3_cds_NP_415143.1_608,1.10463929176331,0.0432323962450027,3.49327381896112e-05,1.82562767511303e-06,1.10467422008514,1.10467422008514,0.0432342189442973,0.0432342189442973
lcl|NC_000913.3_cds_NP_415153.1_618,0.26350462436676,-0.579187870025635,7.06401585411549e-06,3.55272433938426e-05,0.263497561216354,0.263497561216354,-0.57922340001569,-0.57922340001569
lcl|NC_000913.3_cds_NP_415161.1_625,1.50449585914612,0.177411839365959,3.7078977422882e-05,1.01486846137426e-05,1.50453293323517,1.50453293323517,0.17740169860037,0.17740169860037
lcl|NC_000913.3_cds_NP_415164.1_628,1.65677201747894,0.219283893704414,6.12792639674872e-05,5.06671391079986e-06,1.65683329105377,1.65683329105377,0.219278812331373,0.219278812331373
lcl|NC_000913.3_cds_NP_415166.1_630,0.595033764839172,-0.225463032722473,9.53769694893621e-07,5.33518279547158e-06,0.595034718513489,0.595034718513489,-0.225457693735418,-0.225457693735418
lcl|NC_000913.3_cds_NP_415168.1_632,1.29097878932953,0.110899545252323,6.56922081118136e-05,2.52598565134977e-06,1.29091310501099,1.29091310501099,0.110897009668178,0.110897009668178
lcl|NC_000913.3_cds_NP_415174.1_638,1.05649852752686,0.0238744132220745,1.7286730264683e-05,1.5889532692212e-06,1.05651581287384,1.05651581287384,0.0238760015231728,0.0238760015231728
lcl|NC_000913.3_cds_NP_415183.1_647,0.299716502428055,-0.523269593715668,1.16242889017238e-05,2.92091980559213e-06,0.299728125333786,0.299728125333786,-0.523272502619394,-0.523272502619394
lcl|NC_000913.3_cds_NP_415184.1_648,1.05420827865601,0.0229394864290953,2.8256063416462e-05,1.42505645947665e-06,1.05423653125763,1.05423653125763,0.022938061251658,0.022938061251658
lcl|NC_000913.3_cds_NP_415188.1_652,1.96965003013611,0.294391304254532,5.87774523044687e-05,1.52005945755599e-05,1.96959125995636,1.96959125995636,0.294376108413629,0.294376108413629
lcl|NC_000913.3_cds_NP_415189.1_653,0.465086609125137,-0.332484245300293,6.55716678699573e-06,1.19522855096488e-05,0.465080052614212,0.465080052614212,-0.332472287074924,-0.332472287074924
lcl|NC_000913.3_cds_NP_415192.1_656,0.786428570747375,-0.104315146803856,3.74953782979057e-05,4.86562845539562e-06,0.786466062068939,0.786466062068939,-0.104320013503753,-0.104320013503753
lcl|NC_000913.3_cds_NP_415194.1_658,1.69335234165192,0.228746950626373,4.42315111238522e-05,1.09387705531314e-05,1.69330811500549,1.69330811500549,0.228735989692892,0.228735989692892
lcl|NC_000913.3_cds_NP_415195.1_659,0.507647216320038,-0.294433653354645,3.93430009865282e-06,9.53769694893621e-07,0.507651150226593,0.507651150226593,-0.29443462546232,-0.29443462546232
lcl|NC_000913.3_cds_NP_415206.1_666,2.46583962440491,0.39196965098381,8.32151527847072e-05,9.83561159741159e-06,2.46592283248901,2.46592283248901,0.39197948185072,0.39197948185072
lcl|NC_000913.3_cds_NP_415209.1_669,1.65370762348175,0.218440935015678,5.87774523044687e-05,2.36948102677666e-06,1.653648853302,1.653648853302,0.218443294053484,0.218443294053484
lcl|NC_000913.3_cds_NP_415213.1_674,0.738782525062561,-0.131469652056694,2.51563124907959e-05,1.05805315241101e-06,0.738807678222656,0.738807678222656,-0.131468599706617,-0.131468599706617
lcl|NC_000913.3_cds_NP_415214.1_675,2.38281774520874,0.37708306312561,5.1978879285002e-05,1.72273672441007e-05,2.38286972045898,2.38286972045898,0.377100298648411,0.377100298648411
lcl|NC_000913.3_cds_NP_415220.1_680,1.02153253555298,0.00927736330777407,5.96091112311122e-05,1.79761042773668e-07,1.02159214019775,1.02159214019775,0.00927754294577062,0.00927754294577062
lcl|NC_000913.3_cds_NP_415223.1_683,0.34896332025528,-0.457268834114075,2.30391216255268e-05,1.99402057309422e-05,0.348940283060074,0.348940283060074,-0.457248890967952,-0.457248890967952
lcl|NC_000913.3_cds_NP_415229.1_689,0.535418212413788,-0.271284103393555,1.78240328536324e-05,8.31589394923327e-06,0.535436034202576,0.535436034202576,-0.271292404668078,-0.271292404668078
lcl|NC_000913.3_cds_NP_415240.1_701,0.630310356616974,-0.200451195240021,1.48431848716589e-05,4.58984886575633e-06,0.630295515060425,0.630295515060425,-0.200455783135275,-0.200455783135275
lcl|NC_000913.3_cds_NP_415242.1_703,0.34338366985321,-0.464217662811279,1.99689926782087e-06,5.24573340975505e-06,0.34338167309761,0.34338167309761,-0.464222887640375,-0.464222887640375
lcl|NC_000913.3_cds_NP_415246.2_707,0.556657552719116,-0.254395127296448,1.69288504385762e-05,3.54673547658918e-06,0.556674480438232,0.556674480438232,-0.254398687546826,-0.254398687546826
lcl|NC_000913.3_cds_NP_415251.1_712,2.2321515083313,0.348727971315384,2.38442423723405e-07,4.35142312069065e-06,2.23215126991272,2.23215126991272,0.34872362282032,0.34872362282032
lcl|NC_000913.3_cds_NP_415255.1_715,2.82491207122803,0.450953751802444,0.000197906656579874,2.07741333724373e-05,2.82471418380737,2.82471418380737,0.450974510677583,0.450974510677583
lcl|NC_000913.3_cds_NP_415257.1_717,3.40234065055847,0.531756222248077,3.29040347800136e-05,1.73465477662807e-05,3.40230774879456,3.40230774879456,0.531773594273147,0.531773594273147
lcl|NC_000913.3_cds_NP_415260.1_720,0.420654207468033,-0.37609189748764,2.65257558744704e-06,1.43959263414028e-05,0.42065155506134,0.42065155506134,-0.376077501248999,-0.376077501248999
lcl|NC_000913.3_cds_NP_415268.1_729,1.85837304592133,0.26912134885788,6.71208610109586e-05,4.14284859447636e-06,1.85830593109131,1.85830593109131,0.269117213020135,0.269117213020135
lcl|NC_000913.3_cds_NP_415269.1_730,4.06050968170166,0.608579754829407,9.77636875356232e-05,9.65655930330488e-06,4.06041193008423,4.06041193008423,0.608570095125846,0.608570095125846
lcl|NC_000913.3_cds_NP_415277.1_738,1.12841820716858,0.0524736866354942,3.69585762317541e-06,2.17571156034532e-06,1.12842190265656,1.12842190265656,0.0524715072161933,0.0524715072161933
lcl|NC_000913.3_cds_NP_415281.1_742,0.465244740247726,-0.332310646772385,3.27858339349787e-06,1.09387705531314e-05,0.465241461992264,0.465241461992264,-0.332321588199711,-0.332321588199711
lcl|NC_000913.3_cds_NP_415284.1_745,1.26370894908905,0.10166135430336,5.74641580357691e-05,5.46197751841356e-06,1.26376640796661,1.26376640796661,0.101666807248395,0.101666807248395
lcl|NC_000913.3_cds_NP_415287.1_748,0.852553009986877,-0.0692556202411652,3.91045580479255e-05,3.06984744666578e-06,0.85259211063385,0.85259211063385,-0.0692586903659181,-0.0692586903659181
lcl|NC_000913.3_cds_NP_415288.1_749,1.08286643028259,0.0345718935132027,9.06081239166099e-06,6.37085866767277e-07,1.08285737037659,1.08285737037659,0.034571256867533,0.034571256867533
lcl|NC_000913.3_cds_NP_415292.2_753,1.23873686790466,0.0929581224918365,5.24573342959659e-05,2.55585840726237e-06,1.23868441581726,1.23868441581726,0.0929606736667436,0.0929606736667436
lcl|NC_000913.3_cds_NP_415293.1_754,1.50829911231995,0.178471177816391,1.90753939888128e-05,1.08041010273372e-05,1.50828003883362,1.50828003883362,0.178481983462848,0.178481983462848
lcl|NC_000913.3_cds_NP_415296.1_757,0.734808802604675,-0.133845716714859,2.76593219084449e-05,3.71079621791473e-06,0.7347811460495,0.7347811460495,-0.133841995904219,-0.133841995904219
lcl|NC_000913.3_cds_NP_415297.1_758,0.57976496219635,-0.236763641238213,1.19815957701826e-05,6.6315841335776e-06,0.57975298166275,0.57975298166275,-0.236757009112831,-0.236757009112831
lcl|NC_000913.3_cds_NP_415301.1_762,0.401121079921722,-0.396730095148087,1.26374487238344e-05,8.10704270415803e-06,0.40110844373703,0.40110844373703,-0.396738195585541,-0.396738195585541
lcl|NC_000913.3_cds_NP_415306.1_767,1.10644292831421,0.0439190305769444,1.96712231948232e-05,2.26520309791525e-06,1.10642325878143,1.10642325878143,0.0439212967598408,0.0439212967598408
lcl|NC_000913.3_cds_NP_415314.1_775,0.893502175807953,-0.0489229187369347,4.28018029294528e-05,2.27264263102909e-06,0.893459379673004,0.893459379673004,-0.0489251875174658,-0.0489251875174658
lcl|NC_000913.3_cds_NP_415315.4_776,0.642013192176819,-0.192488849163055,3.05206302365959e-05,1.21459146885278e-05,0.641982674598694,0.641982674598694,-0.192476692223536,-0.192476692223536
lcl|NC_000913.3_cds_NP_415316.1_777,0.785885453224182,-0.104647181928158,1.78240328536324e-05,3.41280384074776e-06,0.785867631435394,0.785867631435394,-0.104650598716769,-0.104650598716769
lcl|NC_000913.3_cds_NP_415318.1_779,1.77671051025391,0.249596193432808,5.99686138193173e-05,5.82711618467838e-06,1.77665054798126,1.77665054798126,0.249602014182399,0.249602014182399
lcl|NC_000913.3_cds_NP_415320.1_781,0.458652973175049,-0.338502824306488,5.06671391079986e-06,8.16647446919724e-06,0.458658039569855,0.458658039569855,-0.338510989575497,-0.338510989575497
lcl|NC_000913.3_cds_NP_415321.1_782,0.79242992401123,-0.101051062345505,3.22499033073749e-05,5.74493424299128e-06,0.792397677898407,0.792397677898407,-0.101056805820752,-0.101056805820752
lcl|NC_000913.3_cds_NP_415322.1_783,0.602701485157013,-0.219914704561234,2.50955828201795e-05,1.11765882817818e-06,0.602676391601562,0.602676391601562,-0.219915820640905,-0.219915820640905
lcl|NC_000913.3_cds_NP_415325.4_786,0.529957056045532,-0.275757521390915,3.99379853564175e-06,5.09668693413822e-06,0.529953062534332,0.529953062534332,-0.275762593767199,-0.275762593767199
lcl|NC_000913.3_cds_NP_415326.1_787,0.863104104995728,-0.063922293484211,3.17121165232687e-05,1.43065456128634e-06,0.863135814666748,0.863135814666748,-0.0639208625471928,-0.0639208625471928
lcl|NC_000913.3_cds_NP_415327.2_788,0.62157791852951,-0.206528544425964,1.69889159211954e-05,1.2249765091936e-05,0.62156093120575,0.62156093120575,-0.206516291335514,-0.206516291335514
lcl|NC_000913.3_cds_NP_415328.4_789,0.598368108272552,-0.223064690828323,3.37998592237783e-05,8.58392736771806e-06,0.598334312438965,0.598334312438965,-0.223056091131522,-0.223056091131522
lcl|NC_000913.3_cds_NP_415329.4_790,0.690113365650177,-0.16111433506012,4.26218562489008e-05,7.94298243409787e-06,0.690070748329163,0.690070748329163,-0.16110638167744,-0.16110638167744
lcl|NC_000913.3_cds_NP_415340.1_801,1.86708557605743,0.271127492189407,0.000106702923413731,1.19221215703933e-05,1.86697888374329,1.86697888374329,0.271139405937492,0.271139405937492
lcl|NC_000913.3_cds_NP_415341.1_802,1.85544729232788,0.268432766199112,5.78215842775293e-05,2.32481368540835e-06,1.85538947582245,1.85538947582245,0.268435088854534,0.268435088854534
lcl|NC_000913.3_cds_NP_415344.1_805,1.73936700820923,0.240408271551132,9.4420031783983e-05,6.52753781005731e-06,1.73946142196655,1.73946142196655,0.240414801342972,0.240414801342972
lcl|NC_000913.3_cds_NP_415348.1_809,1.04754292964935,0.0201796349138021,1.78825412508508e-05,3.91182280197691e-07,1.04756081104279,1.04756081104279,0.0201792432218715,0.0201792432218715
lcl|NC_000913.3_cds_NP_415356.1_817,1.787193775177,0.252194315195084,5.1264607594805e-05,1.01933738682764e-05,1.78724503517151,1.78724503517151,0.252184099303347,0.252184099303347
lcl|NC_000913.3_cds_NP_415358.1_819,0.4616479575634,-0.335700392723083,2.26512428283125e-05,9.98479545269693e-06,0.461625307798386,0.461625307798386,-0.335710389765886,-0.335710389765886
lcl|NC_000913.3_cds_NP_415381.1_842,1.05648696422577,0.023855172097683,2.49169705748583e-05,1.27047935917569e-06,1.05646204948425,1.05646204948425,0.0238539008245832,0.0238539008245832
lcl|NC_000913.3_cds_NP_415384.1_845,2.27767419815063,0.357515960931778,6.12792639674872e-05,1.26671587835022e-05,2.27773547172546,2.27773547172546,0.357503285221244,0.357503285221244
lcl|NC_000913.3_cds_NP_415386.1_847,0.640458822250366,-0.193481415510178,4.12504972667093e-05,5.961060621504e-07,0.640500068664551,0.640500068664551,-0.193480819360928,-0.193480819360928
lcl|NC_000913.3_cds_NP_415399.4_860,0.483252495527267,-0.315805673599243,1.78831820160793e-06,1.86288444650826e-05,0.483254283666611,0.483254283666611,-0.315824287605615,-0.315824287605615
lcl|NC_000913.3_cds_NP_415400.1_861,0.365932732820511,-0.436632484197617,2.44100942340138e-05,4.7688484972032e-06,0.365908324718475,0.365908324718475,-0.436627709840612,-0.436627709840612
lcl|NC_000913.3_cds_NP_415408.1_869,1.63025605678558,0.212232634425163,6.91469210587321e-05,4.7688484972032e-06,1.63018691539764,1.63018691539764,0.21223740297562,0.21223740297562
lcl|NC_000913.3_cds_NP_415411.2_872,1.15266871452332,0.0616939216852188,3.37405232842533e-05,2.12361449014942e-06,1.15263497829437,1.15263497829437,0.0616917947089291,0.0616917947089291
lcl|NC_000913.3_cds_NP_415413.1_874,2.25619578361511,0.353393107652664,6.29488015784451e-05,4.2024599702529e-06,2.25625872612,2.25625872612,0.353388898894468,0.353388898894468
lcl|NC_000913.3_cds_NP_415414.4_875,1.36144697666168,0.134015709161758,5.25779865835085e-05,1.78831820160793e-06,1.36149954795837,1.36149954795837,0.134017501482655,0.134017501482655
lcl|NC_000913.3_cds_NP_415415.1_876,1.11177146434784,0.0459889285266399,7.5111206452324e-05,2.74590886355923e-06,1.11169636249542,1.11169636249542,0.045986184638434,0.045986184638434
lcl|NC_000913.3_cds_NP_415425.4_886,1.41702568531036,0.151407599449158,6.80737365016184e-05,9.00103336011226e-06,1.4170937538147,1.4170937538147,0.151398583781304,0.151398583781304
lcl|NC_000913.3_cds_NP_415438.1_899,1.24605417251587,0.0955179780721664,6.92659413076234e-05,5.19353334310932e-06,1.24598491191864,1.24598491191864,0.0955127833262397,0.0955127833262397
lcl|NC_000913.3_cds_NP_415439.1_900,0.250328600406647,-0.601495981216431,4.35142312069065e-06,1.39484982610679e-05,0.250332951545715,0.250332951545715,-0.601481980065889,-0.601481980065889
lcl|NC_000913.3_cds_NP_415440.1_901,0.443854331970215,-0.352754831314087,1.82405118130165e-05,1.31444966458771e-05,0.443872570991516,0.443872570991516,-0.352741691278033,-0.352741691278033
lcl|NC_000913.3_cds_NP_415445.1_906,0.50390613079071,-0.297641545534134,2.92091980559213e-06,1.13556430004369e-05,0.503903210163116,0.503903210163116,-0.297652874921297,-0.297652874921297
lcl|NC_000913.3_cds_NP_415448.1_909,1.87692773342133,0.273435354232788,7.8450035654938e-05,5.96106078519667e-06,1.8768492937088,1.8768492937088,0.273429401263671,0.273429401263671
lcl|NC_000913.3_cds_NP_415452.1_913,1.50743007659912,0.17824013531208,5.15035652841202e-05,1.18773472123372e-05,1.50748157501221,1.50748157501221,0.1782520127396,0.1782520127396
lcl|NC_000913.3_cds_NP_415453.1_914,0.291383892297745,-0.535551190376282,7.15327280643172e-06,2.74201054633882e-05,0.291391044855118,0.291391044855118,-0.535523799270792,-0.535523799270792
lcl|NC_000913.3_cds_NP_415468.1_929,1.44387412071228,0.15954564511776,4.5780945961163e-05,2.53335695539993e-06,1.44391989707947,1.44391989707947,0.159543100975095,0.159543100975095
lcl|NC_000913.3_cds_NP_415469.1_930,1.16637480258942,0.0668357014656067,1.1922121243008e-06,1.98956028828491e-06,1.16637361049652,1.16637361049652,0.0668376850604974,0.0668376850604974
lcl|NC_000913.3_cds_NP_415471.1_932,0.611978888511658,-0.213301002979279,3.80911324673967e-05,1.04018940980884e-05,0.611940801143646,0.611940801143646,-0.213290589259967,-0.213290589259967
lcl|NC_000913.3_cds_NP_415477.1_938,5.90378713607788,0.771060705184937,0.000254175437891132,5.1264607594805e-05,5.90353298187256,5.90353298187256,0.771111993900015,0.771111993900015
lcl|NC_000913.3_cds_NP_415483.2_944,0.694892704486847,-0.158065214753151,3.48113849655252e-05,4.70906349226577e-06,0.694927513599396,0.694927513599396,-0.158060493374731,-0.158060493374731
lcl|NC_000913.3_cds_NP_415486.4_947,1.01463913917542,0.0063018724322319,2.30094134750296e-05,1.09444492972755e-07,1.01461613178253,1.01461613178253,0.00630176305574115,0.00630176305574115
lcl|NC_000913.3_cds_NP_415488.1_949,0.387965500354767,-0.411162853240967,1.5975194142567e-05,2.61688107453561e-05,0.387981474399567,0.387981474399567,-0.411189010895797,-0.411189010895797
lcl|NC_000913.3_cds_NP_415496.1_957,0.308225125074387,-0.511151373386383,1.02530242524907e-05,4.94749618122703e-06,0.308214873075485,0.308214873075485,-0.5111464079967,-0.5111464079967
lcl|NC_000913.3_cds_NP_415497.1_958,0.650629937648773,-0.186690837144852,2.53947736093285e-05,7.92802913081718e-06,0.650604546070099,0.650604546070099,-0.18668290643034,-0.18668290643034
lcl|NC_000913.3_cds_NP_415500.1_961,0.256179064512253,-0.591484367847443,6.43794566051502e-06,1.7108144941456e-05,0.256172627210617,0.256172627210617,-0.591467277739211,-0.591467277739211
lcl|NC_000913.3_cds_NP_415501.1_962,0.904950976371765,-0.0433957315981388,4.07128235196776e-05,1.24809943158712e-06,0.904910266399384,0.904910266399384,-0.043394484595632,-0.043394484595632
lcl|NC_000913.3_cds_NP_415502.4_963,0.499348878860474,-0.301596850156784,8.19643489873831e-06,8.04725178265263e-06,0.49935707449913,0.49935707449913,-0.301588793000687,-0.301588793000687
lcl|NC_000913.3_cds_NP_415504.1_965,0.895327270030975,-0.0480153895914555,1.21605635569566e-05,3.09613227926618e-06,0.89533942937851,0.89533942937851,-0.0480122894214761,-0.0480122894214761
lcl|NC_000913.3_cds_NP_415507.2_968,1.20312297344208,0.0803009048104286,1.66909701819216e-05,3.09229150906054e-06,1.20310628414154,1.20310628414154,0.0803039952344961,0.0803039952344961
lcl|NC_000913.3_cds_NP_415510.1_972,1.01191329956055,0.00515230605378747,2.14598185809669e-05,2.072370041743e-07,1.01193475723267,1.01193475723267,0.00515251301047075,0.00515251301047075
lcl|NC_000913.3_cds_NP_415513.2_976,0.476172715425491,-0.322256416082382,4.94749618122703e-06,1.64230520279534e-05,0.476167768239975,0.476167768239975,-0.322240005296688,-0.322240005296688
lcl|NC_000913.3_cds_NP_415514.1_977,0.308626055717468,-0.510522484779358,7.18301975447114e-06,3.48113849655252e-05,0.308633238077164,0.308633238077164,-0.510557304662427,-0.510557304662427
lcl|NC_000913.3_cds_NP_415516.1_979,1.0114187002182,0.00493991700932384,2.05060485049814e-05,1.33657382355125e-07,1.011439204216,1.011439204216,0.00493978323433378,0.00493978323433378
lcl|NC_000913.3_cds_NP_415517.1_980,1.09650814533234,0.0400048047304153,2.01480740721032e-05,9.23964405793852e-07,1.0964879989624,1.0964879989624,0.0400038826957777,0.0400038826957777
lcl|NC_000913.3_cds_NP_415520.1_983,1.01026630401611,0.00445572892203927,4.67347168894741e-05,2.27262432948324e-07,1.01031303405762,1.01031303405762,0.00445595586241644,0.00445595586241644
lcl|NC_000913.3_cds_NP_415524.1_987,1.32762956619263,0.123067490756512,2.38442431407867e-05,1.62433997765631e-06,1.32760572433472,1.32760572433472,0.12306911631989,0.12306911631989
lcl|NC_000913.3_cds_NP_415534.1_997,1.11408054828644,0.0469013676047325,4.72100158919915e-05,3.1779065384424e-06,1.11403334140778,1.11403334140778,0.0468981888383665,0.0468981888383665
lcl|NC_000913.3_cds_NP_415537.1_1000,1.15723478794098,0.0634337365627289,2.49169705748583e-05,2.90607222543096e-06,1.1572597026825,1.1572597026825,0.0634308306765398,0.0634308306765398
lcl|NC_000913.3_cds_NP_415560.1_1021,2.69260692596436,0.430176168680191,4.55419370298936e-05,4.14284859447636e-06,2.69265246391296,2.69265246391296,0.430180303376317,0.430180303376317
lcl|NC_000913.3_cds_NP_415566.1_1027,1.1425883769989,0.0579045042395592,3.61238386420639e-05,9.68648794090434e-07,1.14262449741364,1.14262449741364,0.0579035309248741,0.0579035309248741
lcl|NC_000913.3_cds_NP_415574.1_1034,1.16828835010529,0.0675332248210907,4.99529331046914e-05,1.75111188756407e-06,1.16823840141296,1.16823840141296,0.0675314779245958,0.0675314779245958
lcl|NC_000913.3_cds_NP_415577.1_1037,0.552662253379822,-0.257556945085526,4.82827965165244e-06,1.29353746992315e-05,0.552657425403595,0.552657425403595,-0.25754399050139,-0.25754399050139
lcl|NC_000913.3_cds_NP_415581.1_1041,0.587974667549133,-0.230604216456413,3.01632308733581e-05,1.4887311112867e-05,0.58800482749939,0.58800482749939,-0.230619108366481,-0.230619108366481
lcl|NC_000913.3_cds_NP_415585.1_1045,0.573713064193726,-0.241330370306969,2.2354084875559e-05,8.19643489873831e-06,0.573690712451935,0.573690712451935,-0.241322180906342,-0.241322180906342
lcl|NC_000913.3_cds_NP_415586.1_1046,0.436760753393173,-0.359767407178879,1.88075943268368e-05,7.68958393773152e-06,0.436741948127747,0.436741948127747,-0.359775093021444,-0.359775093021444
lcl|NC_000913.3_cds_NP_415591.1_1051,0.531173586845398,-0.274779587984085,1.31743041387567e-05,5.27546371464297e-06,0.531160414218903,0.531160414218903,-0.274774299089787,-0.274774299089787
lcl|NC_000913.3_cds_NP_415593.1_1053,0.856978118419647,-0.0670166164636612,2.61688107453561e-05,3.87468947568059e-07,0.857004284858704,0.857004284858704,-0.0670170066814242,-0.0670170066814242
lcl|NC_000913.3_cds_NP_415594.1_1054,1.11199569702148,0.0461264736950397,5.56776080453144e-05,1.62433997765631e-06,1.1120513677597,1.1120513677597,0.0461248485943643,0.0461248485943643
lcl|NC_000913.3_cds_NP_415595.1_1055,0.431640774011612,-0.364868670701981,3.12945824158153e-06,5.72261824514537e-06,0.431643903255463,0.431643903255463,-0.364874388892078,-0.364874388892078
lcl|NC_000913.3_cds_NP_415596.1_1056,0.92940354347229,-0.0317980945110321,2.56325606312268e-06,1.21833163447859e-06,0.929400980472565,0.929400980472565,-0.0317968736974776,-0.0317968736974776
lcl|NC_000913.3_cds_NP_415597.1_1057,0.831042468547821,-0.0803910791873932,3.20115632482829e-05,2.4290922787225e-06,0.831010460853577,0.831010460853577,-0.0803935092334705,-0.0803935092334705
lcl|NC_000913.3_cds_NP_415598.3_1058,0.481854259967804,-0.317099273204803,6.64652056239049e-06,2.09829336390202e-05,0.481860905885696,0.481860905885696,-0.31707830724691,-0.31707830724691
lcl|NC_000913.3_cds_NP_415599.1_1059,0.800595641136169,-0.0965640917420387,3.48113849655252e-05,3.80762040315465e-06,0.800630450248718,0.800630450248718,-0.0965678964648539,-0.0965678964648539
lcl|NC_000913.3_cds_NP_415600.1_1060,0.721662521362305,-0.141684323549271,3.98192583970508e-05,5.49919538314958e-06,0.721622705459595,0.721622705459595,-0.141689810415288,-0.141689810415288
lcl|NC_000913.3_cds_NP_415602.1_1062,2.15294909477234,0.333008289337158,0.000107772866469152,3.72556945194451e-06,2.15284132957458,2.15284132957458,0.333012022285375,0.333012022285375
lcl|NC_000913.3_cds_NP_415604.1_1064,0.802977561950684,-0.0953058823943138,1.13256214141562e-05,3.16678969587554e-06,0.802966237068176,0.802966237068176,-0.0953027154476627,-0.0953027154476627
lcl|NC_000913.3_cds_NP_415607.1_1067,3.20896863937378,0.50634777545929,0.000105394433110054,3.45741523855561e-06,3.20886325836182,3.20886325836182,0.506351210581255,0.506351210581255
lcl|NC_000913.3_cds_NP_415620.1_1080,0.7795250415802,-0.108191892504692,4.19658672780404e-05,1.42318553218418e-06,0.779483079910278,0.779483079910278,-0.108193307519851,-0.108193307519851
lcl|NC_000913.3_cds_NP_415623.1_1083,0.605875790119171,-0.217640578746796,2.69432166172879e-05,4.85818455744499e-06,0.605848848819733,0.605848848819733,-0.217635712981416,-0.217635712981416
lcl|NC_000913.3_cds_NP_415624.1_1084,0.162963807582855,-0.787890136241913,9.23964405793852e-07,2.11614419431797e-05,0.162962883710861,0.162962883710861,-0.78791129887882,-0.78791129887882
lcl|NC_000913.3_cds_NP_415625.1_1085,0.696343779563904,-0.157165586948395,1.5379167875463e-05,1.13260154895762e-06,0.696359157562256,0.696359157562256,-0.157166708786037,-0.157166708786037
lcl|NC_000913.3_cds_NP_415627.1_1087,1.42152559757233,0.152774900197983,8.25009945334187e-05,4.99239772634846e-06,1.4216080904007,1.4216080904007,0.15277988638305,0.15277988638305
lcl|NC_000913.3_cds_NP_415628.1_1088,0.781431078910828,-0.107139028608799,4.72701990556948e-05,3.43514111822023e-06,0.781383812427521,0.781383812427521,-0.107135590098978,-0.107135590098978
lcl|NC_000913.3_cds_NP_415631.1_1091,0.822982728481293,-0.084625355899334,3.22499033073749e-05,9.46295146352214e-07,0.822950482368469,0.822950482368469,-0.0846262958704906,-0.0846262958704906
lcl|NC_000913.3_cds_NP_415632.1_1092,0.956501066684723,-0.01933285407722,3.96414734518857e-05,3.14813657376613e-07,0.956461429595947,0.956461429595947,-0.0193325387066176,-0.0193325387066176
lcl|NC_000913.3_cds_NP_415634.1_1094,0.771743893623352,-0.112509921193123,3.49917499325133e-05,2.80923864146675e-06,0.771778881549835,0.771778881549835,-0.112507109350856,-0.112507109350856
lcl|NC_000913.3_cds_NP_415637.1_1097,0.550071537494659,-0.259533524513245,3.713710041544e-05,1.80020667202245e-05,0.550108671188354,0.550108671188354,-0.259551509350227,-0.259551509350227
lcl|NC_000913.3_cds_NP_415644.1_1104,1.0550240278244,0.0232559945434332,1.38296609542224e-05,6.63143896861761e-07,1.05501019954681,1.05501019954681,0.0232566582929409,0.0232566582929409
lcl|NC_000913.3_cds_NP_415646.4_1106,0.956739187240601,-0.0192103292793036,7.15327280643172e-06,6.44539019792333e-07,0.956732034683228,0.956732034683228,-0.0192096841190825,-0.0192096841190825
lcl|NC_000913.3_cds_NP_415647.1_1107,0.295279502868652,-0.529785215854645,1.36808287433575e-05,1.60948641512876e-06,0.295265823602676,0.295265823602676,-0.529786818797661,-0.529786818797661
lcl|NC_000913.3_cds_NP_415651.4_1111,1.70652210712433,0.232108861207962,1.07299092096476e-06,3.35306574553213e-06,1.70652318000793,1.70652318000793,0.232112191753928,0.232112191753928
lcl|NC_000913.3_cds_NP_415653.4_1113,0.362062692642212,-0.441184729337692,1.2190728903935e-05,1.68999296118891e-05,0.362074881792068,0.362074881792068,-0.44120160243368,-0.44120160243368
lcl|NC_000913.3_cds_NP_415694.1_1157,0.411255866289139,-0.385870367288589,6.43794566051502e-06,1.07299092904835e-05,0.411262303590775,0.411262303590775,-0.385881096211204,-0.385881096211204
lcl|NC_000913.3_cds_NP_415698.1_1161,0.589599907398224,-0.229440256953239,4.35142312069065e-06,8.49451133797928e-07,0.589604258537292,0.589604258537292,-0.229439388356997,-0.229439388356997
lcl|NC_000913.3_cds_NP_415706.1_1169,0.710693299770355,-0.148315757513046,1.8479288115877e-06,3.1593621809586e-06,0.710691452026367,0.710691452026367,-0.148318908083822,-0.148318908083822
lcl|NC_000913.3_cds_NP_415707.1_1170,0.687445163726807,-0.162776872515678,1.2578156245398e-05,6.9894155296525e-06,0.687432587146759,0.687432587146759,-0.162769884356821,-0.162769884356821
lcl|NC_000913.3_cds_NP_415715.1_1178,0.452657759189606,-0.34423092007637,1.3471608308644e-05,1.38003377849506e-05,0.452671229839325,0.452671229839325,-0.344217106828088,-0.344217106828088
lcl|NC_000913.3_cds_NP_415717.1_1180,0.647289216518402,-0.188891395926476,1.98501393552888e-05,3.08481578673304e-06,0.647309064865112,0.647309064865112,-0.188888311113799,-0.188888311113799
lcl|NC_000913.3_cds_NP_415722.1_1185,0.515776813030243,-0.287556737661362,1.22793897866631e-05,8.19643489873831e-06,0.515764534473419,0.515764534473419,-0.287548524571172,-0.287548524571172
lcl|NC_000913.3_cds_NP_415727.1_1190,0.927299976348877,-0.0327498540282249,6.45599064085394e-05,3.35309665327608e-07,0.927364528179169,0.927364528179169,-0.0327495199462227,-0.0327495199462227
lcl|NC_000913.3_cds_NP_415729.1_1192,1.60495698451996,0.20544721186161,3.99391818107877e-05,5.39480496981628e-06,1.60491704940796,1.60491704940796,0.205452590687708,0.205452590687708
lcl|NC_000913.3_cds_NP_415735.1_1201,0.593585133552551,-0.226507499814034,1.84201392860039e-05,3.97912057656981e-06,0.593603551387787,0.593603551387787,-0.226503509441453,-0.226503509441453
lcl|NC_000913.3_cds_NP_415736.2_1202,0.30203303694725,-0.519945919513702,6.55716676219381e-07,1.31143335243876e-06,0.302033692598343,0.302033692598343,-0.519944607727072,-0.519944607727072
lcl|NC_000913.3_cds_NP_415738.2_1204,0.256948262453079,-0.590156376361847,1.0342516619053e-05,1.5439222837788e-05,0.256937921047211,0.256937921047211,-0.590171794191487,-0.590171794191487
lcl|NC_000913.3_cds_NP_415740.1_1206,0.416622459888458,-0.380251079797745,6.02047310450521e-06,1.25178329663261e-05,0.416616439819336,0.416616439819336,-0.380263596649552,-0.380263596649552
lcl|NC_000913.3_cds_NP_415742.1_1208,2.31606578826904,0.36474397778511,9.9192050577423e-05,1.16836792223685e-05,2.31596660614014,2.31596660614014,0.364732293020155,0.364732293020155
lcl|NC_000913.3_cds_NP_415753.1_1218,2.7489550113678,0.43918052315712,0.000121125778733083,3.2040265290807e-05,2.74883389472961,2.74883389472961,0.439148497289129,0.439148497289129
lcl|NC_000913.3_cds_NP_415759.1_1223,1.27328979969025,0.10491756349802,4.53024856566249e-05,5.75235336875739e-06,1.27324450016022,1.27324450016022,0.104911808896731,0.104911808896731
lcl|NC_000913.3_cds_NP_415768.1_1233,0.556329011917114,-0.254650771617889,3.69585762317541e-06,1.46343770382201e-05,0.55633270740509,0.55633270740509,-0.254665406663546,-0.254665406663546
lcl|NC_000913.3_cds_NP_415777.1_1242,1.24544501304626,0.0953002199530602,7.61822649347933e-05,2.22045271211516e-06,1.24536883831024,1.24536883831024,0.0952979945801592,0.0952979945801592
lcl|NC_000913.3_cds_NP_415780.1_1245,1.05483198165894,0.0231837555766106,1.07299092096476e-06,9.07220711523368e-07,1.05483090877533,1.05483090877533,0.0231828470541778,0.0231828470541778
lcl|NC_000913.3_cds_NP_415782.1_1247,0.265538245439529,-0.575907349586487,3.84479196886576e-06,2.81360608806914e-05,0.265534400939941,0.265534400939941,-0.575879206520092,-0.575879206520092
lcl|NC_000913.3_cds_NP_415787.1_1252,0.622479438781738,-0.20588630437851,3.08179376730371e-05,1.01933738682764e-05,0.622448623180389,0.622448623180389,-0.205896489356839,-0.205896489356839
lcl|NC_000913.3_cds_NP_415788.1_1253,0.59178102016449,-0.227851241827011,1.63928697974766e-05,2.53345084504939e-07,0.591764628887177,0.591764628887177,-0.227850997164916,-0.227850997164916
lcl|NC_000913.3_cds_NP_415790.1_1255,1.55176424980164,0.190843656659126,3.30251891043384e-05,8.67327388314036e-06,1.55179727077484,1.55179727077484,0.19083498371684,0.19083498371684
lcl|NC_000913.3_cds_NP_415792.1_1259,0.681151449680328,-0.166752517223358,7.21269380457322e-06,8.4049199405058e-06,0.681144237518311,0.681144237518311,-0.166760913160046,-0.166760913160046
lcl|NC_000913.3_cds_NP_415798.2_1265,0.64304792881012,-0.191773295402527,3.14744007892226e-05,4.61973943090305e-06,0.643016457557678,0.643016457557678,-0.191777911469218,-0.191777911469218
lcl|NC_000913.3_cds_NP_415802.1_1271,1.59277975559235,0.202160090208054,3.5171302023732e-05,5.23081036293115e-06,1.59281492233276,1.59281492233276,0.202165315738853,0.202165315738853
lcl|NC_000913.3_cds_NP_415807.1_1276,0.718818485736847,-0.143355220556259,4.0476177232657e-05,1.08785578017266e-06,0.718858957290649,0.718858957290649,-0.143356311396151,-0.143356311396151
lcl|NC_000913.3_cds_NP_415813.4_1282,0.796934604644775,-0.0985487848520279,4.29796233256405e-05,5.11171681452474e-06,0.796977579593658,0.796977579593658,-0.0985538959134426,-0.0985538959134426
lcl|NC_000913.3_cds_NP_415815.1_1284,0.47434413433075,-0.323938280344009,2.05663334708388e-05,1.29947198212505e-05,0.474323570728302,0.474323570728302,-0.323925293263192,-0.323925293263192
lcl|NC_000913.3_cds_NP_415816.1_1285,1.0937591791153,0.0389356538653374,3.08784456755761e-05,1.68395103858049e-06,1.09379005432129,1.09379005432129,0.0389339700780965,0.0389339700780965
lcl|NC_000913.3_cds_NP_415841.4_1310,0.287922650575638,-0.540754079818726,8.76258797703298e-06,1.66909701819216e-05,0.287913888692856,0.287913888692856,-0.540737384662793,-0.540737384662793
lcl|NC_000913.3_cds_NP_415842.2_1311,0.460047960281372,-0.337188184261322,3.60634690228661e-06,1.21012275237814e-05,0.460044354200363,0.460044354200363,-0.337200294718759,-0.337200294718759
lcl|NC_000913.3_cds_NP_415845.2_1316,0.425671130418777,-0.370883166790009,1.82405118130165e-05,2.40235060870448e-05,0.425689369440079,0.425689369440079,-0.370907195139188,-0.370907195139188
lcl|NC_000913.3_cds_NP_415847.1_1318,0.466939270496368,-0.330724388360977,1.19221211861703e-07,1.53198159918718e-05,0.466939151287079,0.466939151287079,-0.33073971040184,-0.33073971040184
lcl|NC_000913.3_cds_NP_415854.4_1325,0.549315333366394,-0.260177582502365,7.39171524635082e-06,6.52753781005731e-06,0.549307942390442,0.549307942390442,-0.26018412151131,-0.26018412151131
lcl|NC_000913.3_cds_NP_415859.1_1330,0.326413780450821,-0.486244976520538,9.3889008065405e-06,9.53769694893621e-07,0.326404392719269,0.326404392719269,-0.486244005185021,-0.486244005185021
lcl|NC_000913.3_cds_NP_415866.1_1337,0.769481718540192,-0.113809950649738,2.25331512061091e-05,4.4706353127127e-06,0.769459187984467,0.769459187984467,-0.113814410144632,-0.113814410144632
lcl|NC_000913.3_cds_NP_415888.1_1357,0.633848309516907,-0.198001936078072,3.87459517636174e-06,1.00740370360516e-05,0.633852183818817,0.633852183818817,-0.198012009052905,-0.198012009052905
lcl|NC_000913.3_cds_NP_415896.1_1365,1.02295899391174,0.00987149029970169,3.07583357509261e-05,2.07703767574703e-07,1.02298974990845,1.02298974990845,0.00987128221606826,0.00987128221606826
lcl|NC_000913.3_cds_NP_415897.1_1367,0.765133440494537,-0.116271995007992,1.72273672441007e-05,6.03534956456555e-07,0.765116214752197,0.765116214752197,-0.116272594137484,-0.116272594137484
lcl|NC_000913.3_cds_NP_415899.1_1369,0.351922035217285,-0.453587412834167,1.04317048715306e-05,2.09829336390202e-05,0.351911604404449,0.351911604404449,-0.453566411920921,-0.453566411920921
lcl|NC_000913.3_cds_NP_415903.4_1373,0.286012977361679,-0.543613851070404,8.7331845474028e-06,1.28161518987013e-05,0.286021709442139,0.286021709442139,-0.543601002069884,-0.543601002069884
lcl|NC_000913.3_cds_NP_415904.3_1374,1.12371039390564,0.0506736524403095,4.4470387953885e-05,2.06769909067361e-06,1.12375485897064,1.12375485897064,0.0506715825785047,0.0506715825785047
lcl|NC_000913.3_cds_NP_415905.1_1375,0.484214752912521,-0.314948856830597,5.78203128078843e-06,7.92802913081718e-06,0.484220534563065,0.484220534563065,-0.314956797177787,-0.314956797177787
lcl|NC_000913.3_cds_NP_415910.1_1380,0.504643678665161,-0.296997249126434,1.66909701819216e-05,3.54673547658918e-06,0.504660367965698,0.504660367965698,-0.297000799981258,-0.297000799981258
lcl|NC_000913.3_cds_NP_415915.1_1385,0.41501596570015,-0.381957501173019,1.50215807844116e-05,6.58715206937837e-06,0.415000945329666,0.415000945329666,-0.381950914008413,-0.381950914008413
lcl|NC_000913.3_cds_NP_415916.1_1386,0.456460684537888,-0.340576320886612,1.77932905812649e-05,3.36790207716099e-06,0.456478476524353,0.456478476524353,-0.340579695122179,-0.340579695122179
lcl|NC_000913.3_cds_NP_415928.1_1398,0.171024158596992,-0.766897857189178,6.27389570504486e-06,2.87918526828056e-05,0.171030431985855,0.171030431985855,-0.766926607340953,-0.766926607340953
lcl|NC_000913.3_cds_NP_415933.1_1403,0.65691077709198,-0.18250797688961,2.5989439642501e-05,2.81664390076363e-06,0.656884789466858,0.656884789466858,-0.182510794346416,-0.182510794346416
lcl|NC_000913.3_cds_NP_415940.1_1411,0.347691655158997,-0.458762049674988,1.90753939888128e-05,1.98501393552888e-05,0.347710728645325,0.347710728645325,-0.458781908915306,-0.458781908915306
lcl|NC_000913.3_cds_NP_415941.5_1412,0.886230647563934,-0.0524484850466251,3.81507877957449e-06,2.88361803990166e-06,0.8862344622612,0.8862344622612,-0.0524513659283415,-0.0524513659283415
lcl|NC_000913.3_cds_NP_415948.1_1418,1.0979630947113,0.0405692122876644,5.09082726691665e-05,1.60201898733766e-06,1.09791219234467,1.09791219234467,0.0405676079600882,0.0405676079600882
lcl|NC_000913.3_cds_NP_415952.2_1423,0.794909060001373,-0.0997008308768272,3.13557770726815e-05,1.14746221643908e-06,0.794877707958221,0.794877707958221,-0.0996996824683905,-0.0996996824683905
lcl|NC_000913.3_cds_NP_415958.1_1429,0.534028053283691,-0.272424191236496,2.08037881961768e-05,5.1859320886006e-06,0.534048855304718,0.534048855304718,-0.272419011475716,-0.272419011475716
lcl|NC_000913.3_cds_NP_415961.1_1432,0.703857719898224,-0.152521729469299,5.54359027388438e-06,1.00297728665724e-05,0.703863263130188,0.703863263130188,-0.15251170142013,-0.15251170142013
lcl|NC_000913.3_cds_NP_415966.6_1438,0.409666419029236,-0.387573719024658,9.29925474163341e-06,5.78203128078843e-06,0.409657120704651,0.409657120704651,-0.387579491785032,-0.387579491785032
lcl|NC_000913.3_cds_NP_415968.1_1440,0.394316852092743,-0.404150158166885,1.74056924827626e-05,1.46638324298804e-05,0.394334256649017,0.394334256649017,-0.404135493209812,-0.404135493209812
lcl|NC_000913.3_cds_NP_415969.1_1441,1.18147194385529,0.0723978504538536,6.3900776570268e-05,2.07897348730832e-06,1.18140804767609,1.18140804767609,0.0723999249180818,0.0723999249180818
lcl|NC_000913.3_cds_NP_415981.1_1452,0.760986626148224,-0.118617258965969,7.33191621494021e-06,1.52755761774411e-06,0.760993957519531,0.760993957519531,-0.118618791621468,-0.118618791621468
lcl|NC_000913.3_cds_NP_415991.1_1461,1.94826292991638,0.289670318365097,6.03264617467162e-05,9.29925474163341e-06,1.94832324981689,1.94832324981689,0.28966101309973,0.28966101309973
lcl|NC_000913.3_cds_NP_415996.2_1466,1.27099812030792,0.104154482483864,1.93131186066098e-05,2.97316720421859e-06,1.27101743221283,1.27101743221283,0.104151507015001,0.104151507015001
lcl|NC_000913.3_cds_NP_416004.1_1474,0.607173562049866,-0.216688379645348,1.65713943779054e-05,1.06258523382742e-05,0.607156991958618,0.607156991958618,-0.216698999326951,-0.216698999326951
lcl|NC_000913.3_cds_NP_416006.4_1476,0.610838651657104,-0.214096784591675,1.19815957701826e-05,1.47683546311208e-05,0.610826671123505,0.610826671123505,-0.214082008176065,-0.214082008176065
lcl|NC_000913.3_cds_NP_416028.3_1497,0.28372460603714,-0.547114789485931,8.3454850130119e-07,1.30550756201146e-05,0.283725440502167,0.283725440502167,-0.547101721044653,-0.547101721044653
lcl|NC_000913.3_cds_NP_416030.1_1499,0.529939472675323,-0.275768041610718,1.40088951005126e-05,1.71678547354361e-05,0.529925465583801,0.529925465583801,-0.275785209950125,-0.275785209950125
lcl|NC_000913.3_cds_NP_416033.1_1502,0.397553086280823,-0.400634348392487,2.22644965839042e-05,5.15631215833867e-06,0.397530823945999,0.397530823945999,-0.400629191156811,-0.400629191156811
lcl|NC_000913.3_cds_NP_416039.1_1508,0.405372351408005,-0.392180144786835,7.86860019730564e-06,2.58409003590614e-05,0.405364483594894,0.405364483594894,-0.392154305111324,-0.392154305111324
lcl|NC_000913.3_cds_NP_416103.2_1574,0.35757839679718,-0.446618556976318,2.0446867258099e-05,1.46638324298804e-05,0.357598841190338,0.357598841190338,-0.446603897218002,-0.446603897218002
lcl|NC_000913.3_cds_NP_416104.1_1575,0.722887217998505,-0.140935391187668,2.12206046995764e-05,6.81043615118684e-06,0.722865998744965,0.722865998744965,-0.140942202566241,-0.140942202566241
lcl|NC_000913.3_cds_NP_416105.4_1576,0.504876613616943,-0.296841412782669,2.41427163273768e-05,5.90125198649893e-06,0.504852473735809,0.504852473735809,-0.29683551139163,-0.29683551139163
lcl|NC_000913.3_cds_NP_416106.1_1577,0.901588797569275,-0.0449831150472164,1.56176139191599e-05,8.56878295730881e-07,0.901604413986206,0.901604413986206,-0.044983970780539,-0.044983970780539
lcl|NC_000913.3_cds_NP_416112.1_1583,0.418455511331558,-0.378385037183762,8.28569718895272e-06,2.57218106541683e-05,0.418447226285934,0.418447226285934,-0.378359306554872,-0.378359306554872
lcl|NC_000913.3_cds_NP_416115.1_1587,0.245798751711845,-0.609436571598053,9.89499236245407e-06,1.25182274112555e-06,0.245788857340813,0.245788857340813,-0.609437809427953,-0.609437809427953
lcl|NC_000913.3_cds_NP_416119.1_1591,1.56445145606995,0.19434879720211,2.08634097430612e-05,7.51079039220579e-06,1.56443059444427,1.56443059444427,0.194356300548057,0.194356300548057
lcl|NC_000913.3_cds_NP_416121.1_1593,2.12632966041565,0.327636688947678,2.78969965221358e-05,3.87468947568059e-07,2.1263575553894,2.1263575553894,0.327636294653894,0.327636294653894
lcl|NC_000913.3_cds_NP_416126.1_1598,0.450169295072556,-0.346652179956436,2.00888433853009e-05,8.67327388314036e-06,0.450149208307266,0.450149208307266,-0.346643509327281,-0.346643509327281
lcl|NC_000913.3_cds_NP_416127.1_1599,0.447048038244247,-0.34961149096489,2.4499530183872e-05,1.05212315451619e-05,0.44707253575325,0.44707253575325,-0.34962200858683,-0.34962200858683
lcl|NC_000913.3_cds_NP_416128.1_1600,0.780276715755463,-0.107734277844429,1.77048817849455e-05,7.2204698640724e-06,0.780294418334961,0.780294418334961,-0.107741499703709,-0.107741499703709
lcl|NC_000913.3_cds_NP_416130.3_1602,1.01674926280975,0.0072055603377521,2.03867477365529e-05,4.00504746834414e-07,1.01672887802124,1.01672887802124,0.00720515894325392,0.00720515894325392
lcl|NC_000913.3_cds_NP_416131.1_1603,0.888363838195801,-0.0514185130596161,1.38296609542224e-05,2.62286670487753e-06,0.888350009918213,0.888350009918213,-0.0514158884706069,-0.0514158884706069
lcl|NC_000913.3_cds_NP_416134.1_1606,1.08758544921875,0.0364827588200569,4.60188269500591e-05,9.94780144142454e-07,1.08763146400452,1.08763146400452,0.0364817627678775,0.0364817627678775
lcl|NC_000913.3_cds_NP_416141.4_1613,0.460713803768158,-0.336549639701843,1.21605635569566e-05,7.68958393773152e-06,0.460725963115692,0.460725963115692,-0.336557313425275,-0.336557313425275
lcl|NC_000913.3_cds_NP_416146.1_1619,0.83447277545929,-0.0785846561193466,1.31143335243876e-06,2.49619886317423e-06,0.834474086761475,0.834474086761475,-0.0785871450856752,-0.0785871450856752
lcl|NC_000913.3_cds_NP_416148.1_1621,0.531732738018036,-0.27430334687233,1.82405118130165e-05,1.81520648163411e-05,0.531714498996735,0.531714498996735,-0.274321497014349,-0.274321497014349
lcl|NC_000913.3_cds_NP_416154.1_1627,2.11982846260071,0.326294422149658,5.48417583583733e-06,5.1859320886006e-06,2.11982297897339,2.11982297897339,0.326299595615098,0.326299595615098
lcl|NC_000913.3_cds_NP_416155.1_1628,0.94140899181366,-0.0262142214924097,1.81811410482327e-05,9.48169343258008e-07,0.941427171230316,0.941427171230316,-0.0262132713522343,-0.0262132713522343
lcl|NC_000913.3_cds_NP_416159.2_1632,0.441512495279312,-0.355076014995575,1.2190728903935e-05,7.03401522017284e-06,0.441500306129456,0.441500306129456,-0.355068990953259,-0.355068990953259
lcl|NC_000913.3_cds_NP_416163.1_1636,0.562987208366394,-0.249511078000069,6.67638801040952e-06,4.4560082134081e-06,0.562980532646179,0.562980532646179,-0.249506622396461,-0.249506622396461
lcl|NC_000913.3_cds_NP_416167.1_1640,1.27230608463287,0.104575656354427,6.56922081118136e-05,6.46768734961576e-06,1.27224040031433,1.27224040031433,0.10456918259014,0.10456918259014
lcl|NC_000913.3_cds_NP_416168.1_1641,2.0943500995636,0.321043074131012,6.17568913511522e-05,6.58715206937837e-06,2.09428834915161,2.09428834915161,0.321036476685736,0.321036476685736
lcl|NC_000913.3_cds_NP_416170.1_1643,0.254504323005676,-0.594317376613617,1.77932905812649e-05,1.78240328536324e-05,0.254486531019211,0.254486531019211,-0.594335198234203,-0.594335198234203
lcl|NC_000913.3_cds_NP_416175.1_1649,1.43102085590363,0.155634865164757,6.47389209763799e-05,8.554072470728e-06,1.4309561252594,1.4309561252594,0.155626318001669,0.155626318001669
lcl|NC_000913.3_cds_NP_416181.1_1655,0.361565351486206,-0.441809266805649,1.2578156245398e-05,1.90455662336983e-05,0.361552774906158,0.361552774906158,-0.441828300920844,-0.441828300920844
lcl|NC_000913.3_cds_NP_416191.1_1665,4.41533374786377,0.64496111869812,0.000108255905396201,8.22600869500339e-06,4.41522550582886,4.41522550582886,0.644952889892307,0.644952889892307
lcl|NC_000913.3_cds_NP_416193.1_1667,0.271861433982849,-0.565655887126923,1.39484982610679e-05,2.57517826420601e-05,0.271875381469727,0.271875381469727,-0.56563011634007,-0.56563011634007
lcl|NC_000913.3_cds_NP_416196.1_1670,0.564431071281433,-0.248413279652596,3.6004133440449e-05,3.51700761008642e-06,0.564395070075989,0.564395070075989,-0.248416788411923,-0.248416788411923
lcl|NC_000913.3_cds_NP_416198.2_1672,0.83026248216629,-0.0808032974600792,3.49327381896112e-05,4.39625951260803e-07,0.830227553844452,0.830227553844452,-0.0808028572210204,-0.0808028572210204
lcl|NC_000913.3_cds_NP_416201.1_1675,0.3734210729599,-0.427758097648621,1.83002496212664e-05,2.18171892694036e-05,0.373439371585846,0.373439371585846,-0.427779896453675,-0.427779896453675
lcl|NC_000913.3_cds_NP_416202.1_1676,0.573664009571075,-0.241336077451706,4.4706353127127e-06,9.71636911488998e-06,0.573659539222717,0.573659539222717,-0.241345780258703,-0.241345780258703
lcl|NC_000913.3_cds_NP_416209.1_1683,0.467198640108109,-0.330480366945267,1.75850380504321e-06,1.64230520279534e-05,0.467200398445129,0.467200398445129,-0.330496795513706,-0.330496795513706
lcl|NC_000913.3_cds_NP_416210.4_1684,1.14205682277679,0.0576773881912231,3.43357094708722e-05,2.73098875920678e-06,1.1420224905014,1.1420224905014,0.0576746568034158,0.0576746568034158
lcl|NC_000913.3_cds_NP_416212.1_1686,0.759761571884155,-0.119329892098904,2.27709685149468e-05,5.79706073722934e-06,0.759738802909851,0.759738802909851,-0.119335691867038,-0.119335691867038
lcl|NC_000913.3_cds_NP_416213.1_1687,0.928915321826935,-0.0320267453789711,2.32481368540835e-06,1.78460470628546e-06,0.928912997245789,0.928912997245789,-0.0320249604794343,-0.0320249604794343
lcl|NC_000913.3_cds_NP_416216.4_1690,0.290774166584015,-0.536398887634277,1.2249765091936e-05,2.70029938244526e-05,0.290786415338516,0.290786415338516,-0.536425886263233,-0.536425886263233
lcl|NC_000913.3_cds_NP_416217.1_1691,1.82172679901123,0.26049730181694,3.20704943088983e-05,6.40807594935063e-06,1.82175886631012,1.82175886631012,0.260490891867855,0.260490891867855
lcl|NC_000913.3_cds_NP_416219.1_1693,0.656986892223358,-0.182433277368546,2.00888433853009e-05,3.26376890502866e-06,0.657006978988647,0.657006978988647,-0.182430017167524,-0.182430017167524
lcl|NC_000913.3_cds_NP_416220.1_1694,0.573419570922852,-0.241535261273384,8.88181084846064e-06,1.05805315241101e-06,0.57341068983078,0.57341068983078,-0.241534214962528,-0.241534214962528
lcl|NC_000913.3_cds_NP_416227.1_1701,0.40941795706749,-0.387825429439545,1.27270681672916e-05,2.11914814298018e-05,0.40940523147583,0.40940523147583,-0.387846612121561,-0.387846612121561
lcl|NC_000913.3_cds_NP_416228.1_1702,2.23994541168213,0.350220292806625,5.22203024804585e-05,7.0044475502563e-06,2.23989319801331,2.23989319801331,0.35022731091484,0.35022731091484
lcl|NC_000913.3_cds_NP_416233.1_1707,0.932445585727692,-0.0303710959851742,1.12665756030545e-05,1.60203503945167e-07,0.932456851005554,0.932456851005554,-0.0303712558235734,-0.0303712558235734
lcl|NC_000913.3_cds_NP_416241.1_1716,0.486822813749313,-0.312619686126709,2.22946719922004e-05,1.04914668195101e-05,0.486845105886459,0.486845105886459,-0.312609191472997,-0.312609191472997
lcl|NC_000913.3_cds_NP_416259.1_1734,0.508393049240112,-0.293813139200211,3.04014088923914e-06,1.53495423194653e-05,0.508396089076996,0.508396089076996,-0.293797798989022,-0.293797798989022
lcl|NC_000913.3_cds_NP_416260.1_1735,0.443221032619476,-0.35339343547821,1.21012275237814e-05,1.93729758818087e-06,0.443208932876587,0.443208932876587,-0.353391494985598,-0.353391494985598
lcl|NC_000913.3_cds_NP_416263.1_1738,1.01043939590454,0.00450910115614533,2.3844242486016e-06,1.44839755558133e-07,1.01043701171875,1.01043701171875,0.00450924579235047,0.00450924579235047
lcl|NC_000913.3_cds_NP_416268.2_1743,0.325592696666718,-0.487304747104645,1.42768376502837e-05,1.54987579027223e-06,0.325606971979141,0.325606971979141,-0.487306304459582,-0.487306304459582
lcl|NC_000913.3_cds_NP_416271.4_1746,0.986289918422699,-0.00600674841552973,2.67650978505555e-05,4.42414999464683e-07,0.986263155937195,0.986263155937195,-0.00600719061363022,-0.00600719061363022
lcl|NC_000913.3_cds_NP_416275.1_1750,1.48448395729065,0.171586900949478,5.94917453748776e-05,6.00587652176121e-06,1.48454344272614,1.48454344272614,0.171592911032893,0.171592911032893
lcl|NC_000913.3_cds_NP_416277.1_1752,0.621810078620911,-0.206360325217247,2.54541363345832e-05,3.12955685281388e-07,0.621784627437592,0.621784627437592,-0.206360019349043,-0.206360019349043
lcl|NC_000913.3_cds_NP_416291.4_1766,0.567783355712891,-0.245846629142761,2.68839992536685e-05,8.7182343354723e-06,0.567756474018097,0.567756474018097,-0.245837904903375,-0.245837904903375
lcl|NC_000913.3_cds_NP_416293.1_1768,6.75769901275635,0.829816043376923,0.000305682826055853,3.68402785720077e-05,6.75739336013794,6.75739336013794,0.829779200731239,0.829779200731239
lcl|NC_000913.3_cds_NP_416294.4_1769,1.03861093521118,0.0164666399359703,3.37405232842533e-05,3.57663640321586e-07,1.03864467144012,1.03864467144012,0.016466997387418,0.016466997387418
lcl|NC_000913.3_cds_NP_416297.1_1772,0.850597143173218,-0.0702604949474335,2.59311803585849e-05,2.34722520163513e-06,0.850623071193695,0.850623071193695,-0.0702628422236521,-0.0702628422236521
lcl|NC_000913.3_cds_NP_416298.1_1773,0.707292020320892,-0.150386676192284,3.13557770726815e-05,4.67935054911099e-06,0.707323372364044,0.707323372364044,-0.150381991117287,-0.150381991117287
lcl|NC_000913.3_cds_NP_416308.4_1783,0.252732634544373,-0.597345113754272,5.27546371464297e-06,1.5498380705447e-05,0.252737909555435,0.252737909555435,-0.597329610965251,-0.597329610965251
lcl|NC_000913.3_cds_NP_416314.1_1791,0.745848596096039,-0.127357289195061,1.18025039729979e-05,1.08785578017266e-06,0.745836794376373,0.745836794376373,-0.127356195390833,-0.127356195390833
lcl|NC_000913.3_cds_NP_416317.1_1794,0.237179517745972,-0.624979972839355,8.89664529063246e-06,4.08937345161979e-05,0.237170621752739,0.237170621752739,-0.624939107891484,-0.624939107891484
lcl|NC_000913.3_cds_NP_416319.1_1796,0.89594042301178,-0.0477485992014408,6.18160407472278e-05,2.23164157794097e-06,0.895878612995148,0.895878612995148,-0.0477508310496065,-0.0477508310496065
lcl|NC_000913.3_cds_NP_416320.1_1797,0.468527436256409,-0.329231321811676,2.12206046995764e-05,1.3978831059305e-05,0.468548655509949,0.468548655509949,-0.329245303981533,-0.329245303981533
lcl|NC_000913.3_cds_NP_416321.1_1798,0.772215962409973,-0.112266272306442,9.17969773151266e-06,1.11769887600496e-07,0.772206783294678,0.772206783294678,-0.112266387722966,-0.112266387722966
lcl|NC_000913.3_cds_NP_416325.1_1802,0.674312651157379,-0.171143710613251,1.74056924827626e-05,6.19950316108894e-06,0.674295246601105,0.674295246601105,-0.171149901842249,-0.171149901842249
lcl|NC_000913.3_cds_NP_416326.1_1803,0.659596800804138,-0.180729165673256,2.39045710192977e-05,8.04725178265263e-06,0.659572899341583,0.659572899341583,-0.180737197036312,-0.180737197036312
lcl|NC_000913.3_cds_NP_416341.1_1819,0.650634467601776,-0.186659038066864,5.96106078519667e-06,7.88355664213544e-06,0.650628507137299,0.650628507137299,-0.186666912125184,-0.186666912125184
lcl|NC_000913.3_cds_NP_416344.1_1822,1.13347709178925,0.054439939558506,6.25909968347249e-05,3.21162967575598e-06,1.13353967666626,1.13353967666626,0.054436726099628,0.054436726099628
lcl|NC_000913.3_cds_NP_416348.2_1826,0.801037847995758,-0.0963363796472549,2.72417446047474e-05,4.18032725054533e-06,0.80106508731842,0.80106508731842,-0.0963321956325694,-0.0963321956325694
lcl|NC_000913.3_cds_NP_416349.2_1827,0.415281385183334,-0.381687253713608,1.01933738682764e-05,1.90455662336983e-05,0.415271192789078,0.415271192789078,-0.381668194694764,-0.381668194694764
lcl|NC_000913.3_cds_NP_416359.1_1837,0.558038175106049,-0.253333628177643,4.1130043475017e-06,7.15327280643172e-07,0.558042287826538,0.558042287826538,-0.253332889460547,-0.253332889460547
lcl|NC_000913.3_cds_NP_416363.1_1841,0.789535105228424,-0.102655053138733,4.13700664762121e-05,3.74067378686139e-06,0.78949373960495,0.78949373960495,-0.10265130943758,-0.10265130943758
lcl|NC_000913.3_cds_NP_416370.2_1848,0.891559302806854,-0.0498627685010433,2.39631915403653e-05,1.33006326552376e-06,0.891535341739655,0.891535341739655,-0.0498614360912221,-0.0498614360912221
lcl|NC_000913.3_cds_NP_416378.1_1857,3.15821838378906,0.499486774206161,8.894077590777e-05,3.23994680314878e-05,3.15830731391907,3.15830731391907,0.499454386041423,0.499454386041423
lcl|NC_000913.3_cds_NP_416379.1_1858,0.485621154308319,-0.313683331012726,3.16539668160081e-05,9.2394788618061e-06,0.485652804374695,0.485652804374695,-0.313674099111985,-0.313674099111985
lcl|NC_000913.3_cds_NP_416380.1_1859,3.00201964378357,0.477439612150192,0.000165721590566613,2.11610630482203e-06,3.00218534469604,3.00218534469604,0.477437500596783,0.477437500596783
lcl|NC_000913.3_cds_NP_416389.4_1868,0.545921266078949,-0.262828588485718,3.52894797464324e-05,1.3352776020819e-05,0.545956552028656,0.545956552028656,-0.262841917670727,-0.262841917670727
lcl|NC_000913.3_cds_NP_416397.1_1876,0.501200437545776,-0.30001562833786,2.52160065469231e-05,5.21585243576531e-06,0.501175224781036,0.501175224781036,-0.300010406167172,-0.300010406167172
lcl|NC_000913.3_cds_NP_416402.1_1881,0.453773379325867,-0.343141406774521,1.26374487238344e-05,7.48134757372278e-06,0.453786015510559,0.453786015510559,-0.343148892056588,-0.343148892056588
lcl|NC_000913.3_cds_NP_416403.1_1882,0.328376293182373,-0.483636438846588,8.91201642681621e-06,2.00291638580088e-05,0.328385204076767,0.328385204076767,-0.483616418947769,-0.483616418947769
lcl|NC_000913.3_cds_NP_416410.1_1889,0.505366384983063,-0.296394795179367,1.3471608308644e-05,1.04616207258623e-05,0.505352914333344,0.505352914333344,-0.296405225411423,-0.296405225411423
lcl|NC_000913.3_cds_NP_416423.4_1903,0.692813575267792,-0.159404456615448,1.88362539690631e-05,9.04622491769529e-06,0.692794740200043,0.692794740200043,-0.159395418206023,-0.159395418206023
lcl|NC_000913.3_cds_NP_416430.1_1910,1.0932639837265,0.038730826228857,1.66909701819216e-05,8.45749260907824e-07,1.09328067302704,1.09328067302704,0.0387316707317503,0.0387316707317503
lcl|NC_000913.3_cds_NP_416433.1_1913,1.99601364135742,0.300161093473434,7.90426642237244e-05,1.47834304927016e-05,1.99593460559845,1.99593460559845,0.300146308047049,0.300146308047049
lcl|NC_000913.3_cds_NP_416434.1_1914,0.796678900718689,-0.0986997857689857,2.7719873846368e-05,1.78831820160793e-06,0.79670661687851,0.79670661687851,-0.0987015758783756,-0.0987015758783756
lcl|NC_000913.3_cds_NP_416437.1_1917,0.53596442937851,-0.270864695310593,1.37100527316941e-05,1.17733077609969e-05,0.535978138446808,0.535978138446808,-0.270852924011601,-0.270852924011601
lcl|NC_000913.3_cds_NP_416438.1_1918,0.885240435600281,-0.0529597587883472,3.88068023152491e-05,1.96715004932641e-06,0.885201632976532,0.885201632976532,-0.0529577935788931,-0.0529577935788931
lcl|NC_000913.3_cds_NP_416448.1_1926,0.829328298568726,-0.0812964290380478,3.4276047636127e-05,4.97011999873337e-06,0.82929402589798,0.82929402589798,-0.0812914631946557,-0.0812914631946557
lcl|NC_000913.3_cds_NP_416450.2_1928,0.435060054063797,-0.361448526382446,9.41812698453153e-06,7.15327280643172e-06,0.435069471597672,0.435069471597672,-0.361441389660221,-0.361441389660221
lcl|NC_000913.3_cds_NP_416451.1_1929,0.712140917778015,-0.1474599391222,3.7434804392888e-05,3.05511523548823e-06,0.712103486061096,0.712103486061096,-0.147456888161683,-0.147456888161683
lcl|NC_000913.3_cds_NP_416453.1_1931,0.430692970752716,-0.365817368030548,2.87918526828056e-05,1.41869419063567e-05,0.430721759796143,0.430721759796143,-0.365803187395329,-0.365803187395329
lcl|NC_000913.3_cds_NP_416463.4_1941,1.08549535274506,0.0356587618589401,7.46348663946571e-05,9.35168446715347e-07,1.08556997776031,1.08556997776031,0.0356578240830343,0.0356578240830343
lcl|NC_000913.3_cds_NP_416464.1_1942,0.353664219379425,-0.451414346694946,4.53040619583049e-06,1.10278169938565e-05,0.353668749332428,0.353668749332428,-0.451403313360495,-0.451403313360495
lcl|NC_000913.3_cds_NP_416465.2_1943,0.554615318775177,-0.25601863861084,1.05509274292859e-05,2.23531765635635e-06,0.554604768753052,0.554604768753052,-0.25601640047357,-0.25601640047357
lcl|NC_000913.3_cds_NP_416470.1_1948,0.634584248065948,-0.1975067704916,1.38891747323395e-05,5.55879849423562e-06,0.634598135948181,0.634598135948181,-0.197501207918884,-0.197501207918884
lcl|NC_000913.3_cds_NP_416489.1_1964,0.391382902860641,-0.407371759414673,1.43660395089423e-05,1.04616207258623e-05,0.391397267580032,0.391397267580032,-0.407382210561146,-0.407382210561146
lcl|NC_000913.3_cds_NP_416498.1_1974,0.487086147069931,-0.312375545501709,3.29937182507372e-05,1.07299092904835e-05,0.487119138240814,0.487119138240814,-0.312364807260296,-0.312364807260296
lcl|NC_000913.3_cds_NP_416514.4_1993,0.51694118976593,-0.286539912223816,1.62735920122433e-05,5.27546371464297e-06,0.516957461833954,0.516957461833954,-0.286545191627217,-0.286545191627217
lcl|NC_000913.3_cds_NP_416520.1_2000,0.264889776706696,-0.576924622058868,9.68695288421154e-06,2.60502366783035e-05,0.26488009095192,0.26488009095192,-0.576950683132196,-0.576950683132196
lcl|NC_000913.3_cds_NP_416524.1_2005,1.35062074661255,0.130554094910622,5.90155950616283e-05,1.69890226759586e-06,1.35067975521088,1.35067975521088,0.130552390449566,0.130552390449566
lcl|NC_000913.3_cds_NP_416529.1_2010,1.24312376976013,0.0944840013980865,7.85681525297115e-05,2.92091980559213e-06,1.24304521083832,1.24304521083832,0.0944869246678153,0.0944869246678153
lcl|NC_000913.3_cds_NP_416535.1_2016,0.46091040968895,-0.336423575878143,3.22799532042697e-05,9.68695288421154e-06,0.460878133773804,0.460878133773804,-0.336413896359424,-0.336413896359424
lcl|NC_000913.3_cds_NP_416546.1_2027,1.25894784927368,0.100036591291428,8.16680158962836e-05,6.78046328759495e-07,1.25902950763702,1.25902950763702,0.100035908704972,0.100035908704972
lcl|NC_000913.3_cds_NP_416552.1_2033,1.11131966114044,0.0458264015614986,2.42024550475628e-05,3.14074865016216e-06,1.11129546165466,1.11129546165466,0.0458295407651384,0.0458295407651384
lcl|NC_000913.3_cds_NP_416553.1_2034,0.976726293563843,-0.0102283228188753,3.45741523855561e-06,3.35309665327608e-07,0.976722836494446,0.976722836494446,-0.0102286580398164,-0.0102286580398164
lcl|NC_000913.3_cds_NP_416564.4_2045,1.24947965145111,0.0967103093862534,5.07895472186571e-05,1.22945144967645e-06,1.24942886829376,1.24942886829376,0.0967115361832725,0.0967115361832725
lcl|NC_000913.3_cds_NP_416567.4_2048,0.680645942687988,-0.167109847068787,3.67792506004008e-05,7.63015755914897e-06,0.680609166622162,0.680609166622162,-0.167102206009216,-0.167102206009216
lcl|NC_000913.3_cds_NP_416568.1_2049,0.315636217594147,-0.500826418399811,1.32631682671552e-05,5.0072909645022e-06,0.315622955560684,0.315622955560684,-0.50083141765913,-0.50083141765913
lcl|NC_000913.3_cds_NP_416571.1_2052,0.363795340061188,-0.439121931791306,5.99079788509132e-06,1.38003377849506e-05,0.363801330327988,0.363801330327988,-0.439135717166302,-0.439135717166302
lcl|NC_000913.3_cds_NP_416578.2_2061,0.803039848804474,-0.0952391028404236,4.90606334429035e-05,2.72714865867545e-06,0.803088903427124,0.803088903427124,-0.0952363748575216,-0.0952363748575216
lcl|NC_000913.3_cds_NP_416579.1_2062,1.13383090496063,0.0545682981610298,5.84200856036169e-05,2.36574614665585e-06,1.13388931751251,1.13388931751251,0.0545706637812655,0.0545706637812655
lcl|NC_000913.3_cds_NP_416580.1_2063,0.675293862819672,-0.170513913035393,7.15327280643172e-06,1.13110641561834e-05,0.675301015377045,0.675301015377045,-0.170502597277721,-0.170502597277721
lcl|NC_000913.3_cds_NP_416582.1_2065,0.611103236675262,-0.213866993784904,2.95668609854033e-05,2.57815607916933e-06,0.611132800579071,0.611132800579071,-0.213864406301108,-0.213864406301108
lcl|NC_000913.3_cds_NP_416584.4_2067,0.651553452014923,-0.186048611998558,9.2394788618061e-06,7.49607672741466e-06,0.651544213294983,0.651544213294983,-0.186056108058042,-0.186056108058042
lcl|NC_000913.3_cds_NP_416585.1_2068,1.75789964199066,0.244998261332512,5.87774523044687e-05,1.0342516619053e-05,1.75795841217041,1.75795841217041,0.245008596802292,0.245008596802292
lcl|NC_000913.3_cds_NP_416606.1_2088,0.629135429859161,-0.201278656721115,1.58560582616344e-05,1.18478177079373e-05,0.629119575023651,0.629119575023651,-0.201266801553995,-0.201266801553995
lcl|NC_000913.3_cds_NP_416616.4_2098,1.111008644104,0.0457265339791775,1.77636216969213e-05,2.14970433941339e-06,1.11102640628815,1.11102640628815,0.0457243811451383,0.0457243811451383
lcl|NC_000913.3_cds_NP_416617.1_2099,2.32545828819275,0.366489052772522,2.90895914173854e-05,2.49475579369922e-05,2.3254873752594,2.3254873752594,0.366513986130889,0.366513986130889
lcl|NC_000913.3_cds_NP_416623.2_2103,0.626385092735291,-0.203186050057411,4.0000159861269e-05,2.68247730241189e-07,0.626345098018646,0.626345098018646,-0.203186317157836,-0.203186317157836
lcl|NC_000913.3_cds_NP_416636.1_2117,1.24121022224426,0.0938415229320526,1.29947198212505e-05,7.22753910098554e-07,1.2411972284317,1.2411972284317,0.0938407971424197,0.0938407971424197
lcl|NC_000913.3_cds_NP_416651.1_2131,0.353486984968185,-0.451654940843582,1.45155313843739e-05,1.05212315451619e-05,0.353472471237183,0.353472471237183,-0.451644403805779,-0.451644403805779
lcl|NC_000913.3_cds_NP_416654.1_2134,0.412111192941666,-0.384984999895096,1.06103023497882e-05,1.05807209715899e-05,0.412121802568436,0.412121802568436,-0.384974409293186,-0.384974409293186
lcl|NC_000913.3_cds_NP_416655.1_2135,2.32063603401184,0.365607023239136,5.48402109267764e-05,1.02530242524907e-05,2.32069087028503,2.32069087028503,0.365617293721462,0.365617293721462
lcl|NC_000913.3_cds_NP_416656.1_2136,0.641358375549316,-0.192886292934418,7.27239785434636e-06,8.01762357722457e-06,0.641365647315979,0.641365647315979,-0.192894305368992,-0.192894305368992
lcl|NC_000913.3_cds_NP_416658.1_2138,0.948717892169952,-0.0228806603699923,3.99391818107877e-05,5.30903622537355e-07,0.948677957057953,0.948677957057953,-0.0228811903219351,-0.0228811903219351
lcl|NC_000913.3_cds_NP_416660.1_2140,1.34048104286194,0.12729486823082,9.04885132494675e-05,4.87332653791436e-06,1.34057152271271,1.34057152271271,0.127289989591432,0.127289989591432
lcl|NC_000913.3_cds_NP_416674.1_2154,1.28234589099884,0.108010500669479,3.25471840244865e-05,5.70769669547293e-06,1.28237843513489,1.28237843513489,0.108016206179629,0.108016206179629
lcl|NC_000913.3_cds_NP_416678.1_2159,0.373535186052322,-0.4276462495327,8.3454850130119e-07,2.12517046765484e-05,0.373536020517349,0.373536020517349,-0.427667512302037,-0.427667512302037
lcl|NC_000913.3_cds_NP_416685.1_2166,0.228149369359016,-0.641787230968475,1.29648302215015e-06,4.05352135207902e-06,0.228148072957993,0.228148072957993,-0.641783195123819,-0.641783195123819
lcl|NC_000913.3_cds_NP_416688.1_2169,0.990558803081512,-0.00412574270740151,1.40680304403457e-05,1.62995388617666e-07,0.990544736385345,0.990544736385345,-0.00412590545955376,-0.00412590545955376
lcl|NC_000913.3_cds_NP_416689.1_2170,0.78639280796051,-0.104338601231575,4.303932080981e-05,1.90007432194499e-06,0.786435842514038,0.786435842514038,-0.104336701366998,-0.104336701366998
lcl|NC_000913.3_cds_NP_416691.1_2172,0.917043387889862,-0.0375924631953239,4.23829628596036e-05,2.41413982582622e-06,0.917085766792297,0.917085766792297,-0.037590046769637,-0.037590046769637
lcl|NC_000913.3_cds_NP_416693.1_2174,0.865046560764313,-0.0629576146602631,7.45113890388903e-06,8.3454850130119e-07,0.86505401134491,0.86505401134491,-0.0629567756603272,-0.0629567756603272
lcl|NC_000913.3_cds_NP_416696.1_2176,0.462402790784836,-0.334963172674179,5.90125198649893e-06,1.08487412601519e-05,0.462408691644669,0.462408691644669,-0.334974011313647,-0.334974011313647
lcl|NC_000913.3_cds_NP_416710.1_2190,2.36302304267883,0.373444855213165,2.43211271139131e-05,1.86288444650826e-05,2.36299872398376,2.36299872398376,0.373463487113977,0.373463487113977
lcl|NC_000913.3_cds_NP_416713.1_2193,0.872559487819672,-0.0592015758156776,1.10278169938565e-05,2.10502039424356e-06,0.872570514678955,0.872570514678955,-0.05919946649082,-0.05919946649082
lcl|NC_000913.3_cds_NP_416714.1_2194,0.980312705039978,-0.00863159447908401,8.46442521928812e-06,2.42168092230037e-08,0.980321168899536,0.980321168899536,-0.00863161917476634,-0.00863161917476634
lcl|NC_000913.3_cds_NP_416718.1_2198,0.966757237911224,-0.0146986888721585,3.59456934435336e-05,2.60796406656622e-08,0.966721296310425,0.966721296310425,-0.0146987140457505,-0.0146987140457505
lcl|NC_000913.3_cds_NP_416719.1_2199,6.24843072891235,0.795835673809052,0.000113024253665848,5.68682001223772e-05,6.24854373931885,6.24854373931885,0.795778814196878,0.795778814196878
lcl|NC_000913.3_cds_NP_416720.1_2200,0.460291653871536,-0.33699905872345,1.01638348734055e-05,2.25621135898999e-05,0.460281491279602,0.460281491279602,-0.336976488492403,-0.336976488492403
lcl|NC_000913.3_cds_NP_416722.2_2202,0.378873378038406,-0.42151927947998,2.50356659326522e-05,1.53198159918718e-05,0.378848344087601,0.378848344087601,-0.421534606672938,-0.421534606672938
lcl|NC_000913.3_cds_NP_416723.1_2203,0.484961479902267,-0.314298778772354,6.52753781005731e-06,1.18623737567784e-05,0.48496800661087,0.48496800661087,-0.314286910904249,-0.314286910904249
lcl|NC_000913.3_cds_NP_416729.1_2209,0.339569687843323,-0.469094395637512,1.51109227318616e-05,3.99379853564175e-06,0.339554578065872,0.339554578065872,-0.469090409755201,-0.469090409755201
lcl|NC_000913.3_cds_NP_416730.1_2210,0.203734442591667,-0.690922439098358,5.05197130269954e-06,2.39045710192977e-05,0.203729391098022,0.203729391098022,-0.690946312821564,-0.690946312821564
lcl|NC_000913.3_cds_NP_416734.1_2214,2.49836230278015,0.397697299718857,0.00012422985036725,2.02973692274852e-05,2.49848651885986,2.49848651885986,0.397677010452383,0.397677010452383
lcl|NC_000913.3_cds_NP_416736.1_2216,0.40426641702652,-0.393340349197388,2.29500087911501e-05,1.66317878984665e-05,0.404243469238281,0.404243469238281,-0.393356987616212,-0.393356987616212
lcl|NC_000913.3_cds_NP_416745.1_2225,0.508794903755188,-0.293448984622955,1.94933061516574e-05,8.34548509096079e-06,0.50881439447403,0.50881439447403,-0.29344061089696,-0.29344061089696
lcl|NC_000913.3_cds_NP_416750.2_2231,0.966348171234131,-0.0148513102903962,3.35020441339011e-05,7.45132574135642e-09,0.966381669044495,0.966381669044495,-0.0148513166247734,-0.0148513166247734
lcl|NC_000913.3_cds_NP_416753.4_2234,0.977204322814941,-0.0100276805460453,2.83738838127134e-05,4.50793362785826e-07,0.977175951004028,0.977175951004028,-0.0100272298635274,-0.0100272298635274
lcl|NC_000913.3_cds_NP_416758.1_2239,0.663592159748077,-0.178083926439285,3.52309367663492e-05,8.22600869500339e-06,0.66362738609314,0.66362738609314,-0.17807570012851,-0.17807570012851
lcl|NC_000913.3_cds_NP_416764.1_2246,0.614908933639526,-0.211226761341095,3.95213321118622e-05,9.6418058932743e-06,0.61486941576004,0.61486941576004,-0.211217108674308,-0.211217108674308
lcl|NC_000913.3_cds_NP_416767.1_2249,0.746094644069672,-0.127197578549385,1.02530242524907e-05,2.53335695539993e-06,0.746104896068573,0.746104896068573,-0.127200110086011,-0.127200110086011
lcl|NC_000913.3_cds_NP_416768.4_2250,0.344697117805481,-0.462565273046494,1.57671132842709e-05,1.69589772837147e-05,0.344681352376938,0.344681352376938,-0.462582211743961,-0.462582211743961
lcl|NC_000913.3_cds_NP_416786.4_2268,2.21677565574646,0.345703572034836,7.36805571440155e-05,3.72556945194451e-06,2.21670198440552,2.21670198440552,0.345707310061746,0.345707310061746
lcl|NC_000913.3_cds_NP_416788.1_2270,1.45116972923279,0.161701172590256,2.81360608806914e-05,8.61368362205034e-06,1.45114159584045,1.45114159584045,0.161709790998662,0.161709790998662
lcl|NC_000913.3_cds_NP_416800.1_2282,4.16815137863159,0.619948863983154,0.000240345292550585,1.96712231948232e-05,4.16839170455933,4.16839170455933,0.619968522943945,0.619968522943945
lcl|NC_000913.3_cds_NP_416801.2_2283,0.708003401756287,-0.149979010224342,2.35466155219939e-05,8.94159100803965e-08,0.7079798579216,0.7079798579216,-0.14997909784404,-0.14997909784404
lcl|NC_000913.3_cds_NP_416805.1_2287,0.358304709196091,-0.445714980363846,1.64821022548525e-05,1.25477914100897e-05,0.358321189880371,0.358321189880371,-0.445727508395415,-0.445727508395415
lcl|NC_000913.3_cds_NP_416812.1_2294,1.06640613079071,0.0279232487082481,3.57663640321586e-07,7.60035222309785e-07,1.06640577316284,1.06640577316284,0.0279224875366904,0.0279224875366904
lcl|NC_000913.3_cds_NP_416817.2_2299,0.612137377262115,-0.213134989142418,1.85985094832668e-05,2.92091980559213e-06,0.612155973911285,0.612155973911285,-0.213137907954847,-0.213137907954847
lcl|NC_000913.3_cds_NP_416826.1_2308,3.46215391159058,0.539329469203949,0.000114214701202269,3.12352278383197e-05,3.46226811408997,3.46226811408997,0.539360696110481,0.539360696110481
lcl|NC_000913.3_cds_NP_416827.4_2309,0.233753830194473,-0.631283521652222,1.08343495879114e-05,2.21157555619261e-05,0.233742997050285,0.233742997050285,-0.631261391740908,-0.631261391740908
lcl|NC_000913.3_cds_NP_416832.1_2314,1.17073833942413,0.0684508830308914,2.5989439642501e-05,6.78046328759495e-07,1.17071235179901,1.17071235179901,0.0684502004760339,0.0684502004760339
lcl|NC_000913.3_cds_NP_416839.1_2321,0.927449107170105,-0.0327136516571045,5.1859320886006e-06,1.31143335243876e-06,0.92744392156601,0.92744392156601,-0.0327123407864768,-0.0327123407864768
lcl|NC_000913.3_cds_NP_416841.1_2323,2.09773230552673,0.321775376796722,8.41698523612953e-05,7.89856383118981e-06,2.09781646728516,2.09781646728516,0.321767490181706,0.321767490181706
lcl|NC_000913.3_cds_NP_416860.4_2342,1.3452056646347,0.128779336810112,4.42315111238522e-05,4.93289171734768e-06,1.34516143798828,1.34516143798828,0.128774408814359,0.128774408814359
lcl|NC_000913.3_cds_NP_416861.1_2343,1.51600813865662,0.180678114295006,5.21004733566069e-05,8.49445796059769e-06,1.51595604419708,1.51595604419708,0.180686608921754,0.180686608921754
lcl|NC_000913.3_cds_NP_416880.1_2365,1.05991697311401,0.0252776574343443,1.5975194142567e-05,7.35831735062308e-07,1.05993294715881,1.05993294715881,0.0252783920572124,0.0252783920572124
lcl|NC_000913.3_cds_NP_416899.1_2383,2.57203221321106,0.410277724266052,1.71678547354361e-05,4.23221260964406e-06,2.57201504707336,2.57201504707336,0.410273505014943,0.410273505014943
lcl|NC_000913.3_cds_NP_416907.1_2392,1.12154853343964,0.0498049184679985,3.07583357509261e-05,1.24435182490784e-06,1.12151777744293,1.12151777744293,0.04980616207786,0.04980616207786
lcl|NC_000913.3_cds_NP_416909.1_2394,1.39748787879944,0.145365327596664,4.04157704215963e-05,4.70906349226577e-06,1.3975282907486,1.3975282907486,0.145360608251944,0.145360608251944
