GeneID,Mean,Mean.log10,Std.Dev,log10.Std.Dev,0.025,0.975,log10.0.025,log10.0.975
lcl|NC_001139.9_cds_NP_011305.1_1912,0.662595748901367,-0.178744256496429,1.87755739756558e-05,1.94009914166637e-05,0.662576973438263,0.662576973438263,-0.178763661243778,-0.178763661243778
lcl|NC_001142.9_cds_NP_012585.1_3157,0.970315158367157,-0.013086442835629,2.1458745296052e-06,1.70262546686555e-06,0.970313012599945,0.970313012599945,-0.0130881443768207,-0.0130881443768207
lcl|NC_001147.6_cds_NP_014985.1_5462,0.828709840774536,-0.0815857499837875,3.81488803646347e-05,8.23305000933764e-06,0.828747987747192,0.828747987747192,-0.0815775130805056,-0.0815775130805056
lcl|NC_001139.9_cds_NP_011708.3_2303,15.782790184021,1.19824194908142,0.0017101230696762,1.10865021073754e-05,15.7845001220703,15.7845001220703,1.19823083281271,1.19823083281271
lcl|NC_001137.3_cds_NP_010946.3_1554,0.207060992717743,-0.683936297893524,2.50062707874422e-05,8.70312266546655e-05,0.207085996866226,0.207085996866226,-0.683849267061822,-0.683849267061822
lcl|NC_001148.4_cds_NP_015517.1_5977,1.89959788322449,0.278649598360062,1.21591261147869e-05,1.4872061079568e-05,1.89961004257202,1.89961004257202,0.27866445687865,0.27866445687865
lcl|NC_001145.3_cds_NP_013774.1_4295,1.55493259429932,0.191770806908607,0.000177384033718006,9.70049570833183e-06,1.55510997772217,1.55510997772217,0.191761107850917,0.191761107850917
lcl|NC_001144.5_cds_NP_013058.1_3606,0.210177168250084,-0.67738664150238,1.91636616572179e-05,6.74131859141691e-05,0.210158005356789,0.210158005356789,-0.677454062160752,-0.677454062160752
lcl|NC_001144.5_cds_NP_013377.1_3921,0.315505117177963,-0.500973999500275,2.88805263322314e-05,2.01473845817209e-05,0.315533995628357,0.315533995628357,-0.500953843017524,-0.500953843017524
lcl|NC_001142.9_cds_NP_012485.1_3067,1.35938918590546,0.133376032114029,6.07993252316933e-05,1.28002270260325e-05,1.35944998264313,1.35944998264313,0.133363233503739,0.133363233503739
lcl|NC_001136.10_cds_NP_010476.1_1099,1.32007014751434,0.120565980672836,8.01126477194333e-05,4.67945601743656e-06,1.31999003887177,1.31999003887177,0.12057065387301,0.12057065387301
lcl|NC_001147.6_cds_NP_014893.1_5377,0.267013788223267,-0.573556125164032,1.37999053649372e-05,6.73573199187328e-05,0.266999989748001,0.266999989748001,-0.57348875531103,-0.57348875531103
lcl|NC_001146.8_cds_NP_014222.2_4721,0.274486720561981,-0.561512410640717,7.27159370745e-06,4.52405020891593e-05,0.274493992328644,0.274493992328644,-0.56146715623054,-0.56146715623054
lcl|NC_001140.6_cds_NP_011933.1_2525,1.00783264636993,0.00341763184405863,6.73573199187328e-05,1.86966468111942e-07,1.00789999961853,1.00789999961853,0.00341744503782201,0.00341744503782201
lcl|NC_001140.6_cds_NP_011929.1_2521,0.275164932012558,-0.560401916503906,2.70611487483073e-05,3.7669812775709e-05,0.275191992521286,0.275191992521286,-0.56036420726216,-0.56036420726216
lcl|NC_001144.5_cds_NP_013296.1_3844,1.01425528526306,0.00611496064811945,7.53396255514181e-05,5.774488756635e-08,1.01417994499207,1.01417994499207,0.00611501829487926,0.00611501829487926
lcl|NC_001148.4_cds_NP_015089.1_5565,1.26954984664917,0.103685781359673,8.01126477194333e-05,8.62064533287797e-06,1.26962995529175,1.26962995529175,0.103677160489418,0.103677160489418
lcl|NC_001144.5_cds_NP_013064.1_3611,0.210538625717163,-0.676750361919403,2.36200491282655e-05,3.34390739460584e-05,0.210515007376671,0.210515007376671,-0.6767169383625,-0.6767169383625
lcl|NC_001144.5_cds_NP_013372.1_3916,1.83793163299561,0.264380991458893,8.83363810409711e-05,3.07567042123383e-05,1.83801996707916,1.83801996707916,0.264350224974575,0.264350224974575
lcl|NC_001139.9_cds_NP_011609.2_2205,0.378648906946182,-0.421827584505081,2.69141640937694e-05,3.34085994639415e-05,0.378621995449066,0.378621995449066,-0.421794159984789,-0.421794159984789
lcl|NC_001143.9_cds_NP_012868.1_3425,0.413278967142105,-0.383789122104645,3.39752978076523e-05,3.27817820429527e-06,0.413244992494583,0.413244992494583,-0.383792400297705,-0.383792400297705
lcl|NC_001147.6_cds_NP_014621.1_5115,1.10642790794373,0.043905932456255,5.79383093359387e-05,5.55088693187273e-06,1.106369972229,1.106369972229,0.0439003801596272,0.0439003801596272
lcl|NC_001144.5_cds_NP_013129.1_3674,9.61003875732422,0.98275226354599,0.00122180833740258,2.80747427235028e-05,9.61126041412354,9.61126041412354,0.982780344484878,0.982780344484878
lcl|NC_001136.10_cds_NP_010329.1_955,4.23686075210571,0.62698495388031,0.000120642123787791,4.68532389593113e-05,4.23674011230469,4.23674011230469,0.627031824573646,0.627031824573646
lcl|NC_001134.8_cds_NP_009602.1_253,0.672016382217407,-0.172598510980606,6.16320997872446e-05,1.81957502132241e-05,0.672078013420105,0.672078013420105,-0.172580312018521,-0.172580312018521
lcl|NC_001145.3_cds_NP_013810.1_4329,1.04063236713409,0.017262265086174,8.23774089766024e-05,6.85487698055584e-07,1.04054999351501,1.04054999351501,0.0172629508485743,0.0172629508485743
lcl|NC_001147.6_cds_NP_014877.3_5363,7.41669368743896,0.870139181613922,0.000353829317290016,5.04855101709593e-05,7.41633987426758,7.41633987426758,0.87018962433718,0.87018962433718
lcl|NC_001136.10_cds_NP_010566.1_1190,0.3422711789608,-0.465648531913757,2.31862678682552e-05,1.05503904384773e-05,0.342247992753983,0.342247992753983,-0.465659090274836,-0.465659090274836
lcl|NC_001134.8_cds_NP_009604.1_255,8.18675804138184,0.91308456659317,0.000867849555624116,1.86581989277808e-05,8.18589019775391,8.18589019775391,0.913065914896424,0.913065914896424
lcl|NC_001148.4_cds_NP_015093.1_5569,3.78084754943848,0.577596008777618,0.000417483799059102,5.47829857740063e-05,3.78043007850647,3.78043007850647,0.57754120991586,0.57754120991586
lcl|NC_001136.10_cds_NP_010377.3_1002,0.434831291437149,-0.361640304327011,2.98038127848709e-07,3.91932564254594e-05,0.434830993413925,0.434830993413925,-0.361679508309459,-0.361679508309459
lcl|NC_001142.9_cds_NP_012436.1_3018,0.136707499623299,-0.86425769329071,1.54968771976651e-05,8.34506765122057e-07,0.136692002415657,0.136692002415657,-0.864256894417949,-0.864256894417949
lcl|NC_001140.6_cds_NP_011877.1_2468,1.00938785076141,0.00403738440945745,4.78051755595706e-05,1.21069353106758e-07,1.0093400478363,1.0093400478363,0.00403750520535687,0.00403750520535687
lcl|NC_001143.9_cds_NP_013010.3_3560,0.506650269031525,-0.295326560735703,8.2857880522613e-06,2.7748034783441e-05,0.506641983985901,0.506641983985901,-0.295298824300882,-0.295298824300882
lcl|NC_001134.8_cds_NP_009638.1_289,2.76355600357056,0.441409826278687,0.00020600395699783,2.60771704567917e-05,2.76335000991821,2.76335000991821,0.441435896769189,0.441435896769189
lcl|NC_001144.5_cds_NP_013099.1_3644,0.199090674519539,-0.701037585735321,1.26807946056072e-05,6.08591353071387e-05,0.199077993631363,0.199077993631363,-0.700976744857985,-0.700976744857985
lcl|NC_001148.4_cds_NP_015519.1_5979,0.552107572555542,-0.257982522249222,8.58349811842078e-06,5.36468632401299e-07,0.552098989486694,0.552098989486694,-0.257983047753457,-0.257983047753457
lcl|NC_001147.6_cds_NP_014850.1_5338,1.65629625320435,0.219151049852371,0.000103713965946931,1.415710941694e-05,1.65639996528625,1.65639996528625,0.219165212728681,0.219165212728681
lcl|NC_001136.10_cds_NP_010712.1_1335,0.65719074010849,-0.182365015149117,6.27697367362389e-05,1.49763518074258e-05,0.657127976417542,0.657127976417542,-0.182350042861041,-0.182350042861041
lcl|NC_001148.4_cds_NP_015335.1_5804,1.70697557926178,0.232179343700409,0.000145566001705793,1.09382135888983e-05,1.70683002471924,1.70683002471924,0.232190273896201,0.232190273896201
lcl|NC_001147.6_cds_NP_014706.1_5199,11.140661239624,1.0468807220459,0.000438697652260843,4.73275165836184e-05,11.1410999298096,11.1410999298096,1.0469280696407,1.0469280696407
lcl|NC_001137.3_cds_NP_010942.1_1550,2.86133003234863,0.456553280353546,4.00563238597166e-05,2.07423869434578e-05,2.86137008666992,2.86137008666992,0.456574032640641,0.456574032640641
lcl|NC_001148.4_cds_NP_015508.1_5968,0.235330402851105,-0.628388106822968,1.7404307494688e-05,3.40371879081429e-05,0.23531299829483,0.23531299829483,-0.628354082463573,-0.628354082463573
lcl|NC_001146.8_cds_NP_014404.3_4898,0.257075518369675,-0.589886009693146,1.15041246972981e-05,7.27262068105206e-05,0.257064014673233,0.257064014673233,-0.589958714188173,-0.589958714188173
lcl|NC_001144.5_cds_NP_013546.1_4080,6.80769538879395,0.833002150058746,0.000415355171330633,2.85535994806335e-05,6.80728006362915,6.80728006362915,0.832973618620854,0.832973618620854
lcl|NC_001134.8_cds_NP_009530.1_182,1.01140308380127,0.00492353830486536,3.0995965583092e-06,5.95654667839952e-07,1.01139998435974,1.01139998435974,0.00492294258060901,0.00492294258060901
lcl|NC_001139.9_cds_NP_011421.1_2021,0.476510047912598,-0.322006911039352,6.70595002136297e-05,1.78534287840622e-05,0.476442992687225,0.476442992687225,-0.321989056080168,-0.321989056080168
lcl|NC_001146.8_cds_NP_014178.1_4681,0.258549481630325,-0.587410390377045,1.25171206439623e-05,2.49768543822521e-05,0.258561998605728,0.258561998605728,-0.587435303928077,-0.587435303928077
lcl|NC_001142.9_cds_NP_012608.1_3179,0.619499742984772,-0.208000659942627,3.37368904057769e-05,1.81349672377679e-05,0.619466006755829,0.619466006755829,-0.207982520576732,-0.207982520576732
lcl|NC_001136.10_cds_NP_010542.1_1164,0.834373950958252,-0.0786581933498383,2.49768543822521e-05,5.93127286539579e-06,0.834348976612091,0.834348976612091,-0.0786522624115339,-0.0786522624115339
lcl|NC_001142.9_cds_NP_012318.1_2911,0.413025587797165,-0.384048670530319,5.75830344121513e-05,3.49288033892234e-05,0.412968009710312,0.412968009710312,-0.384083589371168,-0.384083589371168
lcl|NC_001142.9_cds_NP_012596.3_3168,0.214357182383537,-0.668909728527069,9.81984862120766e-06,6.76538975243899e-05,0.214367002248764,0.214367002248764,-0.668842065267485,-0.668842065267485
lcl|NC_001139.9_cds_NP_011618.3_2214,0.27465683221817,-0.561202704906464,1.18318791459046e-05,2.55727425162523e-05,0.274645000696182,0.274645000696182,-0.561228301939626,-0.561228301939626
lcl|NC_001148.4_cds_NP_015136.1_5611,0.361311703920364,-0.442159533500671,3.46905785415819e-05,1.49019063924354e-07,0.361277014017105,0.361277014017105,-0.442159669218294,-0.442159669218294
lcl|NC_001147.6_cds_NP_014555.1_5053,9.97450733184814,0.998943567276001,0.000607514797314747,7.85587889696613e-05,9.97389984130859,9.97389984130859,0.99886500268469,0.99886500268469
lcl|NC_001137.3_cds_NP_011091.1_1702,0.802370309829712,-0.0955769643187523,0.000109674413065211,1.11685110236239e-05,0.802479982376099,0.802479982376099,-0.0955657921343417,-0.0955657921343417
lcl|NC_001136.10_cds_NP_010219.1_852,0.906894147396088,-0.0424171574413776,6.48530959436768e-05,4.80979738086579e-06,0.906958997249603,0.906958997249603,-0.0424123465350083,-0.0424123465350083
lcl|NC_001136.10_cds_NP_010217.1_850,2.68178105354309,0.428455948829651,0.000248919016126689,7.68917605308459e-06,2.68202996253967,2.68202996253967,0.428463625302664,0.428463625302664
lcl|NC_001134.8_cds_NP_009811.3_459,1.37379050254822,0.137896910309792,9.04810041783186e-05,5.00704048246458e-06,1.37370002269745,1.37370002269745,0.137891905423145,0.137891905423145
lcl|NC_001134.8_cds_NP_009591.1_242,1.69335913658142,0.228758126497269,9.17901929006477e-06,1.13998764863078e-05,1.69334995746613,1.69334995746613,0.22874672118652,0.22874672118652
lcl|NC_001144.5_cds_NP_013050.1_3600,4.70278882980347,0.6723353266716,0.000578902133588413,3.33219168890608e-05,4.70220994949341,4.70220994949341,0.672302016084302,0.672302016084302
lcl|NC_001140.6_cds_NP_011889.1_2481,0.677098512649536,-0.169424504041672,9.05462926206693e-05,1.82835707023089e-05,0.677007973194122,0.677007973194122,-0.169406216552935,-0.169406216552935
lcl|NC_001142.9_cds_NP_012543.3_3120,2.5279688835144,0.402831107378006,0.000281093343515314,1.10865021073754e-05,2.52824997901917,2.52824997901917,0.402820012308653,0.402820012308653
lcl|NC_001143.9_cds_NP_012735.1_3301,0.219261333346367,-0.659056425094604,1.96716415440321e-05,5.74624694193971e-05,0.219281002879143,0.219281002879143,-0.658998991223202,-0.658998991223202
lcl|NC_001145.3_cds_NP_013601.1_4130,2.06774258613586,0.31548935174942,2.62273549943871e-06,6.55635640859053e-06,2.06773996353149,2.06773996353149,0.315495921508854,0.315495921508854
lcl|NC_001144.5_cds_NP_013464.3_4000,0.206879541277885,-0.684228003025055,1.85376202292773e-05,9.34062931533602e-05,0.20686100423336,0.20686100423336,-0.68432137130843,-0.68432137130843
lcl|NC_001134.8_cds_NP_009576.1_227,1.28230357170105,0.108034946024418,0.000146402706773449,5.48390158444467e-06,1.28244996070862,1.28244996070862,0.108040428589241,0.108040428589241
lcl|NC_001142.9_cds_NP_012434.1_3016,0.323969781398773,-0.489544957876205,2.47967724664736e-05,1.62132739859192e-05,0.323944985866547,0.323944985866547,-0.489528737828064,-0.489528737828064
lcl|NC_001144.5_cds_NP_013264.1_3815,0.652801394462585,-0.185270980000496,5.23942118740202e-05,1.71979478125873e-05,0.652749001979828,0.652749001979828,-0.185253783518783,-0.185253783518783
lcl|NC_001134.8_cds_NP_009633.3_284,0.370657056570053,-0.430974721908569,2.19356063377787e-05,2.73015899871231e-05,0.37067899107933,0.37067899107933,-0.43100202771976,-0.43100202771976
lcl|NC_001145.3_cds_NP_013824.1_4344,0.283046245574951,-0.548157572746277,2.57504946247288e-05,5.44840149396977e-05,0.283071994781494,0.283071994781494,-0.548103094652841,-0.548103094652841
lcl|NC_001136.10_cds_NP_010277.1_902,0.842797577381134,-0.074238546192646,6.54475183071879e-05,4.44798179629787e-06,0.842863023281097,0.842863023281097,-0.074242998408153,-0.074242998408153
lcl|NC_001137.3_cds_NP_011062.1_1670,1.45728933811188,0.163576155900955,0.000130656746301948,8.56916454855022e-06,1.45741999149323,1.45741999149323,0.163584722465874,0.163584722465874
lcl|NC_001136.10_cds_NP_010828.1_1440,0.829192161560059,-0.081317126750946,3.78498572776643e-05,7.86095617030597e-06,0.829230010509491,0.829230010509491,-0.0813249888227215,-0.0813249888227215
lcl|NC_001145.3_cds_NP_013969.3_4485,7.76480054855347,0.890076637268066,0.00111059299946668,8.46372264602104e-06,7.76368999481201,7.76368999481201,0.890068185625337,0.890068185625337
lcl|NC_001134.8_cds_NP_009590.1_241,2.10551381111145,0.323413610458374,0.000156176891654969,2.33060592110799e-05,2.10566997528076,2.10566997528076,0.323390304576977,0.323390304576977
lcl|NC_001139.9_cds_NP_011404.1_2006,0.261791497468948,-0.582033276557922,2.50352024123229e-06,1.53783521061692e-05,0.261788994073868,0.261788994073868,-0.582048615667083,-0.582048615667083
lcl|NC_001143.9_cds_NP_012928.1_3483,0.439399749040604,-0.357177764177322,3.97595010156029e-05,1.72862112968399e-06,0.439359992742538,0.439359992742538,-0.357179491617127,-0.357179491617127
lcl|NC_001143.9_cds_NP_012739.1_3306,3.16601395606995,0.500490784645081,3.38548905840842e-05,1.7404307494688e-05,3.16598010063171,3.16598010063171,0.50050818083177,0.50050818083177
lcl|NC_001148.4_cds_NP_015234.1_5706,1.48164880275726,0.170774534344673,7.11677087407659e-05,8.38945920762642e-06,1.48171997070312,1.48171997070312,0.170766134365531,0.170766134365531
lcl|NC_001147.6_cds_NP_015006.3_5484,2.43685293197632,0.386767983436584,0.000232938162296879,1.98185380856335e-05,2.43661999702454,2.43661999702454,0.386787804086836,0.386787804086836
lcl|NC_001148.4_cds_NP_015181.1_5655,0.143351554870605,-0.843653976917267,7.45100922580937e-06,7.89747204290532e-05,0.143359005451202,0.143359005451202,-0.843575020576433,-0.843575020576433
lcl|NC_001140.6_cds_NP_012017.1_2610,0.384508311748505,-0.415087938308716,3.03098510530994e-05,4.05630833905471e-05,0.384478002786636,0.384478002786636,-0.415128502524871,-0.415128502524871
lcl|NC_001139.9_cds_NP_011519.3_2115,1.09241187572479,0.0383580885827541,8.19050102242291e-05,4.23186132301052e-06,1.09232997894287,1.09232997894287,0.0383538530079944,0.0383538530079944
lcl|NC_001141.2_cds_NP_012104.1_2700,2.70909523963928,0.432847321033478,0.000144725533397103,1.49019063924354e-07,2.7092399597168,2.7092399597168,0.43284747257308,0.43284747257308
lcl|NC_001140.6_cds_NP_012071.1_2666,0.510058462619781,-0.292415976524353,3.74907411483388e-05,3.99343235819936e-06,0.510020971298218,0.510020971298218,-0.292411965996487,-0.292411965996487
lcl|NC_001140.6_cds_NP_012073.1_2668,8.07344341278076,0.907142460346222,0.0004463301349425,5.96689439944265e-05,8.07388973236084,8.07388973236084,0.907082813819127,0.907082813819127
lcl|NC_001145.3_cds_NP_013648.1_4172,8.1173734664917,0.909511148929596,0.000606556006832796,6.31846978414206e-05,8.11798000335693,8.11798000335693,0.90944797720516,0.90944797720516
lcl|NC_001136.10_cds_NP_010292.1_917,0.431655079126358,-0.36479851603508,4.29156766674127e-05,2.14578383337064e-05,0.431697994470596,0.431697994470596,-0.364819968930891,-0.364819968930891
lcl|NC_001135.5_cds_NP_009958.2_606,2.4940197467804,0.396913409233093,0.000139715213556894,3.78498572776643e-05,2.49388003349304,2.49388003349304,0.396875558186188,0.396875558186188
lcl|NC_001146.8_cds_NP_014469.1_4962,1.92188501358032,0.283712148666382,5.49562622832644e-05,2.76891453105362e-05,1.92193996906281,1.92193996906281,0.283739818550049,0.283739818550049
lcl|NC_001136.10_cds_NP_010587.1_1210,0.683629870414734,-0.165151670575142,7.61243871553625e-05,2.10573259129529e-05,0.683705985546112,0.683705985546112,-0.16513061802556,-0.16513061802556
lcl|NC_001134.8_cds_NP_009676.1_324,11.4295492172241,1.05797278881073,0.00074965182334898,2.77788840209204e-05,11.4287996292114,11.4287996292114,1.0580006186905,1.0580006186905
lcl|NC_001145.3_cds_NP_013752.1_4276,0.777960419654846,-0.108994618058205,0.000111582533735625,1.44017824627556e-05,0.778071999549866,0.778071999549866,-0.108980213343975,-0.108980213343975
lcl|NC_001134.8_cds_NP_009498.1_149,0.341611295938492,-0.466469585895538,2.36930677059463e-05,3.19187064131074e-05,0.34163498878479,0.34163498878479,-0.466437657134055,-0.466437657134055
lcl|NC_001143.9_cds_NP_012710.1_3278,1.43331801891327,0.156281873583794,0.000177985088335702,6.76528718707682e-06,1.43314003944397,1.43314003944397,0.156288629606159,0.156288629606159
lcl|NC_001145.3_cds_NP_013805.1_4324,0.143910050392151,-0.841892957687378,1.90446138481425e-05,7.34321543205181e-05,0.143891006708145,0.143891006708145,-0.841966348933998,-0.841966348933998
lcl|NC_001144.5_cds_NP_013216.1_3758,0.267648458480835,-0.572407424449921,4.47029306053442e-06,3.51076164520336e-05,0.267643988132477,0.267643988132477,-0.572442507371954,-0.572442507371954
lcl|NC_001143.9_cds_NP_012727.1_3293,0.749538838863373,-0.125169023871422,6.11573101182041e-05,1.40070295990364e-06,0.749599993228912,0.749599993228912,-0.125170426043232,-0.125170426043232
lcl|NC_001144.5_cds_NP_013543.3_4077,0.191863894462585,-0.71714586019516,1.78979834571429e-05,9.85957082828471e-05,0.191845998167992,0.191845998167992,-0.717047255583128,-0.717047255583128
lcl|NC_001136.10_cds_NP_010682.3_1309,1.72942709922791,0.23789282143116,2.70611487483073e-05,2.65240742827578e-06,1.72940003871918,1.72940003871918,0.237895464362933,0.237895464362933
lcl|NC_001142.9_cds_NP_012542.1_3119,14.6254110336304,1.16505944728851,0.00108919001306057,8.09468492681073e-05,14.6265001296997,14.6265001296997,1.16514041934498,1.16514041934498
lcl|NC_001136.10_cds_NP_010181.2_817,1.02724635601044,0.0116120632737875,0.000146402706773449,6.52932101267364e-07,1.02709996700287,1.02709996700287,0.0116127152670605,0.0116127152670605
lcl|NC_001142.9_cds_NP_012673.3_3244,4.14052867889404,0.617056429386139,0.00036860668934075,3.92793944848307e-05,4.14016008377075,4.14016008377075,0.617017133911759,0.617017133911759
lcl|NC_001141.2_cds_NP_012106.1_2702,0.850474238395691,-0.0703787431120872,9.12641273037606e-05,6.69886829887191e-06,0.85038298368454,0.85038298368454,-0.0703854387080013,-0.0703854387080013
lcl|NC_001145.3_cds_NP_014016.1_4534,0.187866181135178,-0.726101696491241,1.17718164924091e-06,5.23942118740202e-05,0.187865003943443,0.187865003943443,-0.726154114044141,-0.726154114044141
lcl|NC_001137.3_cds_NP_010858.3_1466,0.448063522577286,-0.348633944988251,1.44845773339847e-05,1.24290295435295e-05,0.448078006505966,0.448078006505966,-0.348646372506305,-0.348646372506305
lcl|NC_001138.5_cds_NP_116665.1_1810,1.41721796989441,0.151480913162231,0.000102044453087592,1.29798491040823e-05,1.41732001304626,1.41732001304626,0.151467919555147,0.151467919555147
lcl|NC_001136.10_cds_NP_010673.1_1300,9.90608978271484,0.995994508266449,0.00074965182334898,0.000125119228894565,9.90534019470215,9.90534019470215,0.995869395790242,0.995869395790242
lcl|NC_001140.6_cds_NP_011907.1_2499,0.116750039160252,-0.932697772979736,1.03572350653266e-06,4.90584790566835e-05,0.116749003529549,0.116749003529549,-0.9327468175153,-0.9327468175153
lcl|NC_001142.9_cds_NP_012439.2_3021,1.00422978401184,0.00185029546264559,4.01777309830989e-05,1.75793650470209e-07,1.00426995754242,1.00426995754242,0.00185047108772373,0.00185047108772373
lcl|NC_001146.8_cds_NP_014264.1_4762,4.66693496704102,0.668975234031677,5.48372065326053e-05,5.14438349633019e-05,4.66688013076782,4.66688013076782,0.669026646135929,0.669026646135929
lcl|NC_001138.5_cds_NP_116659.1_1804,1.24250841140747,0.0943572372198105,0.000151639001708199,4.90262374603585e-06,1.24266004562378,1.24266004562378,0.0943523349949657,0.0943523349949657
lcl|NC_001137.3_cds_NP_010990.1_1599,0.828117370605469,-0.0819273516535759,5.23942118740202e-05,8.23305000933764e-06,0.828064978122711,0.828064978122711,-0.0819355828613594,-0.0819355828613594
lcl|NC_001140.6_cds_NP_012041.1_2634,0.510781943798065,-0.291742950677872,4.90584790566835e-05,2.02079401508131e-05,0.510830998420715,0.510830998420715,-0.291722756603239,-0.291722756603239
lcl|NC_001137.3_cds_NP_011090.3_1701,0.178311750292778,-0.748916506767273,1.47525272801182e-05,6.05596647279681e-05,0.178296998143196,0.178296998143196,-0.748855968663232,-0.748855968663232
lcl|NC_001140.6_cds_NP_011894.1_2486,0.711424052715302,-0.147868871688843,1.80623211610666e-05,1.36210037349244e-05,0.711405992507935,0.711405992507935,-0.147882480867743,-0.147882480867743
lcl|NC_001134.8_cds_NP_009807.3_455,0.83534961938858,-0.0781412422657013,3.06380937749797e-05,6.40821806997044e-06,0.835318982601166,0.835318982601166,-0.0781476491517082,-0.0781476491517082
lcl|NC_001139.9_cds_NP_011266.1_1877,0.1833835542202,-0.736681163311005,2.34397385172194e-05,9.70385172130617e-05,0.183406993746758,0.183406993746758,-0.73658410766429,-0.73658410766429
lcl|NC_001141.2_cds_NP_012194.1_2792,1.34660542011261,0.129187375307083,0.000165467550337179,3.72547655832046e-07,1.34643995761871,1.34643995761871,0.129186991497046,0.129186991497046
lcl|NC_001146.8_cds_NP_014448.1_4941,2.80515027046204,0.447976917028427,0.000239621628918812,1.63035873284401e-05,2.80538988113403,2.80538988113403,0.447993226183501,0.447993226183501
lcl|NC_001142.9_cds_NP_012410.1_2994,0.308842957019806,-0.510250866413116,2.50342412879246e-05,2.37849525471782e-05,0.308867990970612,0.308867990970612,-0.510227096765339,-0.510227096765339
lcl|NC_001148.4_cds_NP_015435.1_5895,1.59643280506134,0.203117430210114,0.000192774515718687,1.9222971537027e-05,1.59624004364014,1.59624004364014,0.203098201419078,0.203098201419078
lcl|NC_001137.3_cds_NP_011052.1_1660,2.20916271209717,0.344252794981003,0.000257271171345028,2.54835703390078e-05,2.20941996574402,2.20941996574402,0.344278274255282,0.344278274255282
lcl|NC_001148.4_cds_NP_015324.1_5794,0.338149696588516,-0.47087237238884,2.73015899871231e-05,1.64222686768384e-05,0.338176995515823,0.338176995515823,-0.470855938607995,-0.470855938607995
lcl|NC_001140.6_cds_NP_011956.1_2550,0.837868094444275,-0.0768442302942276,4.5120088647394e-05,3.50210923037321e-06,0.83782297372818,0.83782297372818,-0.0768477351342853,-0.0768477351342853
lcl|NC_001141.2_cds_NP_012157.3_2754,1.72140038013458,0.235838577151299,0.000200412364084248,7.22768003388065e-06,1.72119998931885,1.72119998931885,0.235831334715441,0.235831334715441
lcl|NC_001137.3_cds_NP_010914.3_1521,1.05146765708923,0.0217940174043179,2.38430502278967e-06,2.88547692081826e-06,1.05147004127502,1.05147004127502,0.0217969031808802,0.0217969031808802
lcl|NC_001146.8_cds_NP_014413.1_4907,2.86520147323608,0.457083165645599,0.00016141032450383,4.75347812832832e-05,2.86504006385803,2.86504006385803,0.457130699389207,0.457130699389207
lcl|NC_001147.6_cds_NP_014732.1_5224,0.64598822593689,-0.189812749624252,3.4214575005073e-05,1.43366658539421e-05,0.645954012870789,0.645954012870789,-0.189798399446659,-0.189798399446659
lcl|NC_001147.6_cds_NP_014776.1_5266,10.0234460830688,1.00098240375519,0.000153546475998678,4.13668875842947e-05,10.0235996246338,10.0235996246338,1.00102371118992,1.00102371118992
lcl|NC_001139.9_cds_NP_011359.1_1963,0.885380446910858,-0.0528560914099216,3.25475046680487e-05,1.98201089304815e-06,0.885412991046906,0.885412991046906,-0.0528541102105762,-0.0528541102105762
lcl|NC_001144.5_cds_NP_013279.1_3828,0.426448196172714,-0.370133876800537,3.91932564254594e-05,3.97595010156029e-05,0.426409006118774,0.426409006118774,-0.370173631217925,-0.370173631217925
lcl|NC_001145.3_cds_NP_013840.1_4359,3.57820892333984,0.553708255290985,0.000161179076653767,2.29488598392207e-05,3.57837009429932,3.57837009429932,0.553685255627641,0.553685255627641
lcl|NC_001139.9_cds_NP_011674.3_2266,0.603647649288177,-0.219215556979179,2.33647237722039e-05,1.58709014377827e-05,0.603671014308929,0.603671014308929,-0.219199676602879,-0.219199676602879
lcl|NC_001145.3_cds_NP_013834.1_4354,9.26510620117188,0.966801762580872,0.000466358746820685,2.67637580048546e-05,9.26463985443115,9.26463985443115,0.966828541596282,0.966828541596282
lcl|NC_001138.5_cds_NP_116637.1_1782,0.381579488515854,-0.418453991413116,1.8479364012797e-05,1.79710104480886e-05,0.381561011075974,0.381561011075974,-0.41843600907183,-0.41843600907183
lcl|NC_001146.8_cds_NP_014397.1_4892,0.307148963212967,-0.512649536132812,3.50509933228202e-05,4.81609886695315e-05,0.307184010744095,0.307184010744095,-0.512601393543939,-0.512601393543939
lcl|NC_001136.10_cds_NP_010386.1_1011,1.77931010723114,0.250250279903412,7.98798063164936e-05,2.08623480991038e-05,1.77938997745514,1.77938997745514,0.250271140043539,0.250271140043539
lcl|NC_001137.3_cds_NP_010926.3_1533,0.256743401288986,-0.590490818023682,1.04015835677853e-05,2.75405246977772e-05,0.256733000278473,0.256733000278473,-0.590518303834593,-0.590518303834593
lcl|NC_001134.8_cds_NP_009575.1_226,1.26441085338593,0.101871445775032,2.08623480991038e-05,9.60479757649525e-06,1.26438999176025,1.26438999176025,0.101881049536652,0.101881049536652
lcl|NC_001140.6_cds_NP_011848.1_2436,9.87436008453369,0.994461536407471,0.00113975836534583,2.6822297917133e-06,9.87322044372559,9.87322044372559,0.994458833805771,0.994458833805771
lcl|NC_001140.6_cds_NP_011908.1_2500,1.82102620601654,0.260325998067856,3.81488802736898e-06,8.88198428374687e-06,1.82103002071381,1.82103002071381,0.260317105445046,0.260317105445046
lcl|NC_001148.4_cds_NP_015083.1_5560,0.15416719019413,-0.812013268470764,8.19629563602734e-06,1.78811722421377e-05,0.154158994555473,0.154158994555473,-0.812031130867093,-0.812031130867093
lcl|NC_001144.5_cds_NP_013294.1_3842,0.215569332242012,-0.666494607925415,1.7331390143807e-05,4.66709269011312e-05,0.215552002191544,0.215552002191544,-0.666447938772976,-0.666447938772976
lcl|NC_001146.8_cds_NP_014160.2_4666,2.21624636650085,0.345644414424896,1.64505858555027e-05,2.95960273122287e-05,2.2162299156189,2.2162299156189,0.345614812872749,0.345614812872749
lcl|NC_001147.6_cds_NP_014794.3_5283,1.72977423667908,0.238037079572678,0.000185725748983515,1.02816161596892e-06,1.7299599647522,1.7299599647522,0.238036052673079,0.238036052673079
lcl|NC_001134.8_cds_NP_009565.1_217,6.15624618530273,0.789424121379852,9.6321977339063e-05,0.000114924938838794,6.15614986419678,6.15614986419678,0.789309183674301,0.789309183674301
lcl|NC_001136.10_cds_NP_010308.3_932,7.46873664855957,0.873154401779175,0.000176445021564308,8.24994604112873e-05,7.46856021881104,7.46856021881104,0.873236887050617,0.873236887050617
lcl|NC_001145.3_cds_NP_013987.1_4504,2.96534991264343,0.472154885530472,0.00025011631689272,4.22895138451843e-05,2.96560001373291,2.96560001373291,0.47211257503261,0.47211257503261
lcl|NC_001146.8_cds_NP_014153.1_4659,0.357108801603317,-0.447262942790985,3.88019828333273e-05,1.63035873284401e-05,0.357069998979568,0.357069998979568,-0.447246637695679,-0.447246637695679
lcl|NC_001147.6_cds_NP_014593.1_5089,0.673459887504578,-0.171639502048492,5.01278362599248e-05,1.64362906718483e-05,0.673510015010834,0.673510015010834,-0.171655941987613,-0.171655941987613
lcl|NC_001145.3_cds_NP_013663.1_4188,0.282004505395889,-0.549759387969971,3.54942922742759e-05,7.01019866456403e-05,0.282039999961853,0.282039999961853,-0.549689294053735,-0.549689294053735
lcl|NC_001136.10_cds_NP_010172.1_808,0.291174232959747,-0.535946249961853,2.92389347482956e-05,5.55577680418408e-05,0.291144996881485,0.291144996881485,-0.535890668531853,-0.535890668531853
lcl|NC_001145.3_cds_NP_013955.1_4470,0.288656681776047,-0.539559602737427,2.13090141463362e-05,2.67042164839058e-05,0.288677990436554,0.288677990436554,-0.539586326601898,-0.539586326601898
lcl|NC_001141.2_cds_NP_012229.1_2826,0.615396201610565,-0.210806295275688,6.77701436374502e-05,8.92671439203109e-06,0.615463972091675,0.615463972091675,-0.210797364633126,-0.210797364633126
lcl|NC_001141.2_cds_NP_012244.3_2838,0.735351622104645,-0.133507460355759,1.37097539611117e-06,3.3230928472524e-06,0.735352993011475,0.735352993011475,-0.133504135587931,-0.133504135587931
lcl|NC_001137.3_cds_NP_010969.1_1578,1.9478816986084,0.289546728134155,0.000121718270614277,1.12951035294097e-05,1.94775998592377,1.94775998592377,0.289535439600631,0.289535439600631
lcl|NC_001138.5_cds_NP_116701.3_1847,0.206060841679573,-0.686007738113403,1.61545056477517e-05,3.72560335870436e-05,0.206076994538307,0.206076994538307,-0.685970488098168,-0.685970488098168
lcl|NC_001145.3_cds_NP_013597.1_4126,0.87545520067215,-0.05776122584939,8.8219286927183e-06,4.73122380687251e-07,0.875464022159576,0.875464022159576,-0.0577616968662259,-0.0577616968662259
lcl|NC_001134.8_cds_NP_009685.3_333,3.50436091423035,0.54461658000946,0.000468987950342368,5.03708644601734e-05,3.50482988357544,3.50482988357544,0.544666943153623,0.544666943153623
lcl|NC_001144.5_cds_NP_013404.1_3945,2.62097859382629,0.418454140424728,0.000148538428270449,1.5289327529551e-05,2.62083005905151,2.62083005905151,0.418438861156843,0.418438861156843
lcl|NC_001145.3_cds_NP_013953.1_4468,1.54908549785614,0.19015434384346,0.000214463218829848,1.88349063878545e-05,1.54929995536804,1.54929995536804,0.190135508365953,0.190135508365953
lcl|NC_001140.6_cds_NP_011902.1_2494,1.03798985481262,0.0161342322826385,0.000139843160792963,3.66979669719723e-07,1.03785002231598,1.03785002231598,0.0161345989974287,0.0161345989974287
lcl|NC_001138.5_cds_NP_116660.1_1805,0.151327818632126,-0.820197880268097,1.3813480408923e-05,7.70108762588776e-05,0.151314005255699,0.151314005255699,-0.820120872877191,-0.820120872877191
lcl|NC_001144.5_cds_NP_013350.1_3894,8.8415699005127,0.946394741535187,6.00801181957752e-05,0.000137583582500698,8.84162998199463,8.84162998199463,0.946532335932846,0.946532335932846
lcl|NC_001146.8_cds_NP_014353.1_4850,1.6008208990097,0.204369097948074,0.000149133280911809,1.41128801496116e-05,1.60097002983093,1.60097002983093,0.204383201999952,0.204383201999952
lcl|NC_001141.2_cds_NP_012124.1_2721,1.39069664478302,0.143299803137779,0.000163324601268964,1.63925912720547e-05,1.3908599615097,1.3908599615097,0.143283405329783,0.143283405329783
lcl|NC_001133.9_cds_NP_009382.2_51,0.0805090293288231,-1.09409308433533,4.47029306053442e-06,3.81488803646347e-05,0.0805134996771812,0.0805134996771812,-1.09413129548592,-1.09413129548592
lcl|NC_001148.4_cds_NP_015507.1_5967,1.87889587879181,0.273907601833344,6.59287660227828e-05,2.01184701792511e-05,1.87882995605469,1.87882995605469,0.273887475955291,0.273887475955291
lcl|NC_001148.4_cds_NP_015219.1_5691,4.82936859130859,0.683964967727661,0.000281364292287746,4.92978541414236e-05,4.82964992523193,4.82964992523193,0.683915652273251,0.683915652273251
lcl|NC_001141.2_cds_NP_012256.1_2850,0.157630547881126,-0.802269876003265,1.54526505465066e-05,4.7149070693908e-05,0.157646000385284,0.157646000385284,-0.802317043201108,-0.802317043201108
lcl|NC_001136.10_cds_NP_010666.2_1291,0.573383808135986,-0.241533100605011,4.11887044883012e-05,9.71659549613562e-06,0.573424994945526,0.573424994945526,-0.241523380572771,-0.241523380572771
lcl|NC_001139.9_cds_NP_011711.3_2306,0.670034289360046,-0.1739142537117,2.06834437921474e-05,2.46933609329775e-05,0.670054972171783,0.670054972171783,-0.173889565759613,-0.173889565759613
lcl|NC_001146.8_cds_NP_014337.3_4833,0.672860860824585,-0.172031134366989,4.81609886695315e-05,1.25171206439623e-05,0.672909021377563,0.672909021377563,-0.172043649274674,-0.172043649274674
lcl|NC_001147.6_cds_NP_014802.3_5291,0.306946098804474,-0.512890100479126,3.90439526024548e-06,4.22639712333358e-05,0.306950002908707,0.306950002908707,-0.512932358168241,-0.512932358168241
lcl|NC_001138.5_cds_NP_116635.1_1780,1.88297188282013,0.274884194135666,8.8101683712367e-05,2.00281619298583e-05,1.88305997848511,1.88305997848511,0.274864153213834,0.274864153213834
lcl|NC_001147.6_cds_NP_014897.1_5381,1.11912274360657,0.0488570258021355,6.27112177752264e-05,3.635796853725e-06,1.11906003952026,1.11906003952026,0.0488533878088273,0.0488533878088273
lcl|NC_001137.3_cds_NP_011075.3_1685,0.968435347080231,-0.0139142805710435,3.7669812775709e-05,1.80503289576446e-06,0.968473017215729,0.968473017215729,-0.0139124747255199,-0.0139124747255199
lcl|NC_001137.3_cds_NP_010880.3_1487,10.8727550506592,1.03621006011963,0.0011549196784922,8.34493923964152e-05,10.871600151062,10.871600151062,1.0362934710073,1.0362934710073
lcl|NC_001137.3_cds_NP_010925.1_1532,2.84957599639893,0.454765766859055,0.000175973596122696,1.2338640617918e-05,2.84940004348755,2.84940004348755,0.454753426593865,0.454753426593865
lcl|NC_001145.3_cds_NP_013586.1_4116,1.3955112695694,0.144742861390114,2.87312347096985e-05,5.66272438664462e-07,1.39553999900818,1.39553999900818,0.144742288764157,0.144742288764157
lcl|NC_001147.6_cds_NP_015002.3_5480,0.316480576992035,-0.499561041593552,2.34266194796556e-05,5.97557187319043e-05,0.316504001617432,0.316504001617432,-0.499620794748102,-0.499620794748102
lcl|NC_001145.3_cds_NP_013690.1_4214,2.10346865653992,0.322925180196762,0.000178584686987278,2.6020374865449e-05,2.10329008102417,2.10329008102417,0.322899173732552,0.322899173732552
lcl|NC_001147.6_cds_NP_014492.1_4989,0.293525964021683,-0.532271206378937,1.70473989451139e-05,5.7046290768881e-05,0.293543010950089,0.293543010950089,-0.532328255405358,-0.532328255405358
lcl|NC_001147.6_cds_NP_014837.1_5328,0.248391583561897,-0.604853868484497,1.94170914465992e-05,2.46772812358359e-05,0.248410999774933,0.248410999774933,-0.604829177272483,-0.604829177272483
lcl|NC_001134.8_cds_NP_009726.3_373,0.364991247653961,-0.43771705031395,1.17433494310311e-05,1.34708655494555e-05,0.365002989768982,0.365002989768982,-0.437703578187763,-0.437703578187763
lcl|NC_001143.9_cds_NP_012927.3_3482,0.72311806678772,-0.140827357769012,4.8045877606264e-05,7.71894757803309e-06,0.723070025444031,0.723070025444031,-0.14081964158336,-0.14081964158336
lcl|NC_001136.10_cds_NP_010540.3_1162,0.0949665904045105,-1.0224621295929,1.09901443244717e-05,1.72858335137749e-05,0.09495560079813,0.09495560079813,-1.02247941403402,-1.02247941403402
lcl|NC_001136.10_cds_NP_010608.1_1234,0.670412421226501,-0.173619940876961,2.25902070588193e-05,2.33647237722039e-05,0.670435011386871,0.670435011386871,-0.173643314104672,-0.173643314104672
lcl|NC_001143.9_cds_NP_012865.1_3422,0.267421960830688,-0.572762131690979,1.10278138477693e-05,2.28893283157888e-05,0.267432987689972,0.267432987689972,-0.572785023820052,-0.572785023820052
lcl|NC_001146.8_cds_NP_014307.1_4803,0.158051252365112,-0.801261842250824,4.24691222595654e-06,4.81038841606643e-05,0.158047005534172,0.158047005534172,-0.801213728184447,-0.801213728184447
lcl|NC_001141.2_cds_NP_012243.3_2837,0.753419995307922,-0.122936718165874,2.59879861138638e-05,1.11615429367049e-05,0.753445982933044,0.753445982933044,-0.122947878259802,-0.122947878259802
lcl|NC_001145.3_cds_NP_014051.3_4565,2.39714169502258,0.37970045208931,0.000218412719896985,3.28157403260057e-05,2.39736008644104,2.39736008644104,0.379733270499762,0.379733270499762
lcl|NC_001144.5_cds_NP_013429.1_3968,7.80922269821167,0.89257800579071,0.000592759366902341,3.15897766852559e-06,7.80862998962402,7.80862998962402,0.892574844358968,0.892574844358968
lcl|NC_001139.9_cds_NP_011544.1_2140,0.570967495441437,-0.243383809924126,3.95194878460359e-05,2.52304437630143e-05,0.571007013320923,0.571007013320923,-0.243358557554727,-0.243358557554727
lcl|NC_001136.10_cds_NP_010692.3_1317,0.609894692897797,-0.214715570211411,4.33352950522848e-05,1.26659480669375e-06,0.609938025474548,0.609938025474548,-0.214714290500338,-0.214714290500338
lcl|NC_001139.9_cds_NP_011261.1_1872,6.10911655426025,0.786012053489685,0.000636569926754925,7.89226663497325e-05,6.10847997665405,6.10847997665405,0.785933154615966,0.785933154615966
lcl|NC_001134.8_cds_NP_009655.2_306,0.392625868320465,-0.406005829572678,1.41267777626926e-05,3.57645754934199e-07,0.392639994621277,0.392639994621277,-0.406005464902432,-0.406005464902432
lcl|NC_001140.6_cds_NP_012061.3_2655,0.166412338614464,-0.778802514076233,1.46634822592942e-05,2.62858901508097e-05,0.166427001357079,0.166427001357079,-0.778776211764849,-0.778776211764849
lcl|NC_001139.9_cds_NP_011631.1_2225,1.34083890914917,0.127404570579529,0.000101087285392819,4.78348924906396e-06,1.34093999862671,1.34093999862671,0.127409345451661,0.127409345451661
lcl|NC_001147.6_cds_NP_014502.1_4999,3.42533755302429,0.534667313098907,0.000367657219515132,1.05503904384773e-05,3.42496991157532,3.42496991157532,0.534656760560063,0.534656760560063
lcl|NC_001142.9_cds_NP_012382.2_2967,1.08593785762787,0.035807479172945,1.21591261147869e-05,2.35812981658016e-06,1.0859500169754,1.0859500169754,0.0358098364394525,0.0358098364394525
lcl|NC_001143.9_cds_NP_012866.1_3423,0.563520431518555,-0.249024957418442,6.95628563652285e-05,1.1787267673477e-05,0.563589990139008,0.563589990139008,-0.249036728951607,-0.249036728951607
lcl|NC_001136.10_cds_NP_010116.1_756,0.334960967302322,-0.475048303604126,2.98038127138202e-08,4.25594654983516e-05,0.334960997104645,0.334960997104645,-0.47500575931649,-0.47500575931649
lcl|NC_001137.3_cds_NP_011073.1_1683,0.422418802976608,-0.374251842498779,3.71951579534957e-05,3.33219168890608e-05,0.422455996274948,0.422455996274948,-0.374218521200048,-0.374218521200048
lcl|NC_001146.8_cds_NP_014231.1_4727,0.909178018569946,-0.0413589887320995,2.4022938803132e-05,3.56158550813696e-06,0.909153997898102,0.909153997898102,-0.0413625471710492,-0.0413625471710492
lcl|NC_001135.5_cds_NP_009913.2_561,0.249262541532516,-0.603388905525208,1.55424468719845e-05,1.88349063878545e-05,0.249246999621391,0.249246999621391,-0.603370060922891,-0.603370060922891
lcl|NC_001139.9_cds_NP_011488.1_2083,0.751107931137085,-0.124257370829582,9.00714244014952e-05,1.1787267673477e-05,0.751197993755341,0.751197993755341,-0.124245580622335,-0.124245580622335
lcl|NC_001147.6_cds_NP_014852.1_5340,1.37693607807159,0.138905301690102,7.60589629149299e-05,1.55130275731696e-05,1.37686002254486,1.37686002254486,0.138889790274054,0.138889790274054
lcl|NC_001142.9_cds_NP_012655.3_3225,3.70931363105774,0.569327533245087,6.62863044180904e-05,2.616897196149e-05,3.70937991142273,3.70937991142273,0.569301315664812,0.569301315664812
lcl|NC_001147.6_cds_NP_014957.2_5437,7.3465404510498,0.866123914718628,0.000110631752299775,4.75699050943563e-05,7.3464298248291,7.3464298248291,0.866076334449038,0.866076334449038
lcl|NC_001139.9_cds_NP_011457.1_2054,1.09833717346191,0.0407109297811985,5.72233207894719e-05,2.12732424425893e-06,1.09827995300293,1.09827995300293,0.0407130564595525,0.0407130564595525
lcl|NC_001137.3_cds_NP_011102.3_1713,0.479658931493759,-0.319088041782379,5.93127286539579e-06,1.51998313079233e-05,0.479653000831604,0.479653000831604,-0.319072834128376,-0.319072834128376
lcl|NC_001148.4_cds_NP_015297.1_5768,3.17237877845764,0.501462459564209,0.000451360343293271,1.56175810409819e-05,3.17283010482788,3.17283010482788,0.50144681760587,0.50144681760587
lcl|NC_001144.5_cds_NP_013083.1_3629,3.3870964050293,0.529821276664734,0.000263715064091131,4.00563238597166e-05,3.38736009597778,3.38736009597778,0.529861367115062,0.529861367115062
lcl|NC_001148.4_cds_NP_015360.2_5829,4.82031679153442,0.683103621006012,8.34493923964152e-05,2.0504510835932e-05,4.82040023803711,4.82040023803711,0.683083099225276,0.683083099225276
lcl|NC_001144.5_cds_NP_013376.1_3920,1.04387307167053,0.0186206381767988,6.30632246925882e-05,8.19544551073816e-07,1.04381000995636,1.04381000995636,0.0186214573479206,0.0186214573479206
lcl|NC_001140.6_cds_NP_011936.1_2528,0.433546930551529,-0.363024175167084,4.09202097722179e-05,1.93117755564358e-05,0.433506011962891,0.433506011962891,-0.363004875248431,-0.363004875248431
lcl|NC_001145.3_cds_NP_013817.1_4336,2.16853332519531,0.336180776357651,3.67160771602591e-05,7.33174112964708e-06,2.16857004165649,2.16857004165649,0.336173453791063,0.336173453791063
lcl|NC_001143.9_cds_NP_012889.3_3444,2.89439964294434,0.461469769477844,0.000289706890562798,4.52405020891593e-05,2.89410996437073,2.89410996437073,0.461515028514918,0.461515028514918
lcl|NC_001137.3_cds_NP_010994.3_1603,0.298324078321457,-0.525378882884979,1.7078527452313e-05,4.23219250880104e-05,0.298307001590729,0.298307001590729,-0.52533655315308,-0.52533655315308
lcl|NC_001137.3_cds_NP_010882.1_1489,1.2529137134552,0.0979003384709358,6.36634076027893e-05,1.24430159352184e-06,1.25285005569458,1.25285005569458,0.0978990966277138,0.0978990966277138
lcl|NC_001148.4_cds_NP_015182.1_5656,8.54692077636719,0.931741297245026,0.00037960146338533,8.7685249658094e-05,8.54730033874512,8.54730033874512,0.93182896465506,0.93182896465506
lcl|NC_001139.9_cds_NP_011385.3_1987,0.445579051971436,-0.351074457168579,4.0533184964798e-06,4.73871880338122e-06,0.445574998855591,0.445574998855591,-0.351079185347049,-0.351079185347049
lcl|NC_001136.10_cds_NP_010223.1_855,1.08887159824371,0.0369873382151127,2.83723470054696e-05,6.48199591983056e-07,1.08889997005463,1.08889997005463,0.0369879858635589,0.0369879858635589
lcl|NC_001136.10_cds_NP_010080.1_723,1.0872642993927,0.0363571681082249,6.56890747073537e-05,4.19472960381321e-06,1.08732998371124,1.08732998371124,0.0363613641017333,0.0363613641017333
lcl|NC_001136.10_cds_NP_010687.3_1313,2.31639552116394,0.364762187004089,0.000105620195779439,3.07271121407873e-05,2.3162899017334,2.3162899017334,0.3647929137963,0.3647929137963
lcl|NC_001146.8_cds_NP_014167.1_4672,0.27368700504303,-0.562674939632416,1.89848374160859e-05,4.0773974701344e-05,0.273705989122391,0.273705989122391,-0.562715699431864,-0.562715699431864
lcl|NC_001148.4_cds_NP_015180.1_5654,1.90040373802185,0.278830975294113,9.6321977339063e-05,3.6925836620058e-05,1.90050005912781,1.90050005912781,0.278867887450767,0.278867887450767
lcl|NC_001145.3_cds_NP_013950.1_4465,0.502926707267761,-0.298520177602768,2.27099770887274e-05,5.24547099887741e-06,0.502903997898102,0.502903997898102,-0.298514911887159,-0.298514911887159
lcl|NC_001139.9_cds_NP_011750.1_2343,1.90951478481293,0.280937790870667,4.51804141176386e-05,4.50028424779496e-06,1.90955996513367,1.90955996513367,0.280933300896167,0.280933300896167
lcl|NC_001139.9_cds_NP_011274.2_1885,0.216667994856834,-0.664175987243652,3.01006179184572e-06,2.31862678682552e-05,0.216671004891396,0.216671004891396,-0.664199202469733,-0.664199202469733
lcl|NC_001142.9_cds_NP_012532.3_3108,0.858776748180389,-0.0661244168877602,1.87755739756558e-05,4.80574288425674e-06,0.858757972717285,0.858757972717285,-0.066129217919526,-0.066129217919526
lcl|NC_001143.9_cds_NP_012819.1_3376,1.2451012134552,0.0951701775193214,6.11573101182041e-05,1.3150545441142e-05,1.24504005908966,1.24504005908966,0.0951833250556153,0.0951833250556153
lcl|NC_001144.5_cds_NP_013276.1_3825,3.45746517181396,0.53875744342804,0.000304975189934055,3.86840185944246e-05,3.45777010917664,3.45777010917664,0.538796115706293,0.538796115706293
lcl|NC_001148.4_cds_NP_015486.1_5947,2.0240695476532,0.306214839220047,1.04909419977548e-05,1.2845261740226e-05,2.02408003807068,2.02408003807068,0.306227681786917,0.306227681786917
lcl|NC_001136.10_cds_NP_010475.1_1098,1.17454791069031,0.0698671713471413,1.78811722421377e-05,3.04755315843397e-06,1.17453002929688,1.17453002929688,0.0698641248949866,0.0698641248949866
lcl|NC_001144.5_cds_NP_013396.1_3938,6.01953458786011,0.779658794403076,6.5328373150974e-05,9.11990118904623e-05,6.01959991455078,6.01959991455078,0.779567627357997,0.779567627357997
lcl|NC_001139.9_cds_NP_011716.3_2311,0.923481225967407,-0.0345673784613609,1.1801810798382e-05,9.98358089549839e-07,0.923493027687073,0.923493027687073,-0.0345663791067513,-0.0345663791067513
lcl|NC_001145.3_cds_NP_014011.1_4529,0.281426459550858,-0.550642728805542,1.46029523576275e-06,5.36445958342659e-06,0.281424999237061,0.281424999237061,-0.550637326416294,-0.550637326416294
lcl|NC_001139.9_cds_NP_011736.1_2331,0.699570775032043,-0.155233219265938,7.37958671550468e-05,1.90609493708785e-05,0.699496984481812,0.699496984481812,-0.155214153403365,-0.155214153403365
lcl|NC_001147.6_cds_NP_014634.1_5129,0.190210282802582,-0.720710217952728,7.71894757803309e-06,3.81488803646347e-05,0.19021800160408,0.19021800160408,-0.720748385256801,-0.720748385256801
lcl|NC_001139.9_cds_NP_011302.1_1909,0.805146217346191,-0.0941738784313202,7.52223693842431e-05,8.05413276351772e-06,0.805070996284485,0.805070996284485,-0.0941658190917472,-0.0941658190917472
lcl|NC_001137.3_cds_NP_011099.1_1710,0.294185191392899,-0.531399965286255,1.61845596082987e-05,3.0995965583092e-06,0.294169008731842,0.294169008731842,-0.531403082953515,-0.531403082953515
lcl|NC_001136.10_cds_NP_010285.1_910,4.1835880279541,0.621573865413666,8.82225107821541e-05,3.40947978902279e-05,4.18349981307983,4.18349981307983,0.621539753917309,0.621539753917309
lcl|NC_001148.4_cds_NP_015171.1_5644,3.18125748634338,0.502591371536255,0.000167383129931924,1.53783521061692e-05,3.18109011650085,3.18109011650085,0.502575972327951,0.502575972327951
lcl|NC_001148.4_cds_NP_015405.1_5868,11.1406154632568,1.04687643051147,0.000215533848791287,2.43182522295738e-05,11.1403999328613,11.1403999328613,1.04690078199724,1.04690078199724
lcl|NC_001148.4_cds_NP_015357.1_5826,0.434394299983978,-0.362064629793167,3.06974770761595e-05,2.05656161652615e-05,0.434424996376038,0.434424996376038,-0.362085193833898,-0.362085193833898
lcl|NC_001138.5_cds_NP_116702.1_1848,2.75991034507751,0.440921545028687,0.000329757966252403,2.53045607823106e-05,2.76024007797241,2.76024007797241,0.440946857429056,0.440946857429056
lcl|NC_001147.6_cds_NP_014586.1_5083,1.99022459983826,0.298849016427994,6.46180225910069e-05,3.89853920433766e-05,1.99015998840332,1.99015998840332,0.298887990624698,0.298887990624698
lcl|NC_001142.9_cds_NP_012679.3_3250,7.80452346801758,0.892241418361664,0.000473536436995659,7.86225001895888e-05,7.80404996871948,7.80404996871948,0.892320041484867,0.892320041484867
lcl|NC_001143.9_cds_NP_013005.1_3555,0.546700775623322,-0.262279689311981,3.47521180651777e-05,1.75829410453249e-06,0.546666026115417,0.546666026115417,-0.262277915552518,-0.262277915552518
lcl|NC_001136.10_cds_NP_010707.3_1330,0.130294740200043,-0.885110139846802,7.25724533529571e-06,6.12167776902378e-05,0.130301997065544,0.130301997065544,-0.88504892804874,-0.88504892804874
