GeneID,Mean,Mean.log10,Std.Dev,log10.Std.Dev,0.025,0.975,log10.0.025,log10.0.975
lcl|NC_001133.9_cds_NP_009347.1_17,2.05531930923462,0.31291338801384,8.05895383268837e-05,1.70473989451139e-05,2.05539989471436,2.05539989471436,0.312896329945439,0.312896329945439
lcl|NC_001133.9_cds_NP_009381.1_50,0.655309319496155,-0.183498948812485,6.06796562971873e-05,1.44996486740545e-05,0.655369997024536,0.655369997024536,-0.183513444590721,-0.183513444590721
lcl|NC_001134.8_cds_NP_009459.1_113,0.239252910017967,-0.621124386787415,1.09085577411751e-05,3.82084428064739e-05,0.239242002367973,0.239242002367973,-0.621162571358901,-0.621162571358901
lcl|NC_001134.8_cds_NP_009466.1_120,6.42267179489136,0.807710409164429,0.00048830566750323,3.83273233144359e-05,6.42316007614136,6.42316007614136,0.807748745510689,0.807748745510689
lcl|NC_001134.8_cds_NP_009481.1_132,8.62207698822021,0.935552060604095,0.000536925389288091,3.27851825441094e-05,8.62154006958008,8.62154006958008,0.935584850973076,0.935584850973076
lcl|NC_001134.8_cds_NP_660100.1_134,0.446989685297012,-0.349677503108978,1.26970774920595e-05,3.73423887387645e-05,0.446976989507675,0.446976989507675,-0.349714833886112,-0.349714833886112
lcl|NC_001134.8_cds_NP_009489.1_140,1.26594066619873,0.102474935352802,0.000159396968360174,6.90674020446148e-06,1.26610004901886,1.26610004901886,0.102468025602344,0.102468025602344
lcl|NC_001134.8_cds_NP_009508.1_158,2.57165312767029,0.410157233476639,0.000243197300926773,1.40976153430864e-05,2.5714099407196,2.5714099407196,0.41017131849439,0.41017131849439
lcl|NC_001134.8_cds_NP_009523.1_174,5.22656202316284,0.718253552913666,1.19215249866255e-05,3.84459430740539e-05,5.22655010223389,5.22655010223389,0.71821511794232,0.71821511794232
lcl|NC_001134.8_cds_NP_009530.1_182,1.01140308380127,0.00492353830486536,3.0995965583092e-06,5.95654667839952e-07,1.01139998435974,1.01139998435974,0.00492294258060901,0.00492294258060901
lcl|NC_001134.8_cds_NP_009537.1_189,0.253886252641678,-0.595372438430786,2.42596293032654e-05,2.99231670127355e-05,0.253861993551254,0.253861993551254,-0.595402313803262,-0.595402313803262
lcl|NC_001134.8_cds_NP_009576.1_227,1.28230357170105,0.108034946024418,0.000146402706773449,5.48390158444467e-06,1.28244996070862,1.28244996070862,0.108040428589241,0.108040428589241
lcl|NC_001134.8_cds_NP_009587.1_238,10.7572269439697,1.03161823749542,0.00112726195193661,3.66006766933623e-05,10.7560997009277,10.7560997009277,1.03165481915205,1.03165481915205
lcl|NC_001134.8_cds_NP_009590.1_241,2.10551381111145,0.323413610458374,0.000156176891654969,2.33060592110799e-05,2.10566997528076,2.10566997528076,0.323390304576977,0.323390304576977
lcl|NC_001134.8_cds_NP_009595.1_246,2.71496343612671,0.433813273906708,0.00023652305947177,1.14446641578944e-05,2.71519994735718,2.71519994735718,0.433801816553415,0.433801816553415
lcl|NC_001134.8_cds_NP_009602.1_253,0.672016382217407,-0.172598510980606,6.16320997872446e-05,1.81957502132241e-05,0.672078013420105,0.672078013420105,-0.172580312018521,-0.172580312018521
lcl|NC_001134.8_cds_NP_009611.1_261,0.202764689922333,-0.692906618118286,1.23095739772974e-05,7.4684777477529e-05,0.202776998281479,0.202776998281479,-0.692981310117696,-0.692981310117696
lcl|NC_001134.8_cds_NP_009635.1_286,3.09375023841858,0.490519374608994,9.77564478382994e-06,3.27524794313581e-05,3.09376001358032,3.09376001358032,0.490486621961891,0.490486621961891
lcl|NC_001134.8_cds_NP_009642.3_293,1.33888149261475,0.126755937933922,5.85328707794987e-05,5.18559673586445e-06,1.33894002437592,1.33894002437592,0.126761123938112,0.126761123938112
lcl|NC_001134.8_cds_NP_009644.3_296,0.668973505496979,-0.174561083316803,3.74907411483388e-05,5.6624691319995e-06,0.669010996818542,0.669010996818542,-0.174566743490234,-0.174566743490234
lcl|NC_001134.8_cds_NP_009655.2_306,0.392625868320465,-0.406005829572678,1.41267777626926e-05,3.57645754934199e-07,0.392639994621277,0.392639994621277,-0.406005464902432,-0.406005464902432
lcl|NC_001134.8_cds_NP_009660.1_309,0.461926817893982,-0.335430800914764,3.61813833492758e-05,3.80024033759288e-05,0.461962997913361,0.461962997913361,-0.335392808958171,-0.335392808958171
lcl|NC_001134.8_cds_NP_009693.3_340,0.433897495269775,-0.3625628054142,2.0504510835932e-05,2.95349162647473e-05,0.433917999267578,0.433917999267578,-0.362592334612761,-0.362592334612761
lcl|NC_001134.8_cds_NP_009694.3_341,0.325196504592896,-0.487803369760513,1.2488427191126e-05,3.40947978902279e-05,0.325208991765976,0.325208991765976,-0.487837455020284,-0.487837455020284
lcl|NC_001134.8_cds_NP_009695.2_342,0.398143142461777,-0.399953126907349,3.01304316589871e-05,4.05054731974678e-05,0.398113012313843,0.398113012313843,-0.399993627279646,-0.399993627279646
lcl|NC_001134.8_cds_NP_009701.3_348,2.71872162818909,0.434342980384827,0.000121598650463387,2.32469737209348e-06,2.71860003471375,2.71860003471375,0.434345318108326,0.434345318108326
lcl|NC_001134.8_cds_NP_009713.1_360,1.00478792190552,0.00202355510555208,0.000117898138034597,1.10602417319843e-07,1.00467002391815,1.00467002391815,0.00202344451975839,0.00202344451975839
lcl|NC_001134.8_cds_NP_009748.3_394,10.1459217071533,1.006232380867,0.00122180833740258,6.79476355947523e-06,10.144700050354,10.144700050354,1.00623921071861,1.00623921071861
lcl|NC_001134.8_cds_NP_009752.3_397,0.459189146757126,-0.338061094284058,1.21591261147869e-05,4.12197457815504e-05,0.459176987409592,0.459176987409592,-0.338019885617629,-0.338019885617629
lcl|NC_001134.8_cds_NP_009758.3_405,0.264671981334686,-0.577183604240417,3.40048089852621e-05,5.26355166128904e-05,0.264705985784531,0.264705985784531,-0.57723623790606,-0.57723623790606
lcl|NC_001134.8_cds_NP_009761.4_410,0.991860151290894,-0.00356258591637015,2.91474216762928e-05,2.66149690513544e-07,0.991831004619598,0.991831004619598,-0.00356231979491599,-0.00356231979491599
lcl|NC_001134.8_cds_NP_009772.1_420,0.262957632541656,-0.580078303813934,1.83580385801295e-05,5.60281183961456e-06,0.262975990772247,0.262975990772247,-0.580083899993511,-0.580083899993511
lcl|NC_001134.8_cds_NP_009782.3_431,0.15039274096489,-0.822751641273499,9.25363572358218e-06,5.24547099887741e-06,0.150401994585991,0.150401994585991,-0.822746404223462,-0.822746404223462
lcl|NC_001134.8_cds_NP_009804.1_452,1.10483276844025,0.0433117374777794,4.72072431935278e-05,3.36771638736386e-06,1.10487997531891,1.10487997531891,0.0433151025570106,0.0433151025570106
lcl|NC_001134.8_cds_NP_009806.3_454,1.08584678173065,0.0357158593833447,0.000126848697155082,1.95590058131141e-06,1.08571994304657,1.08571994304657,0.0357178152392378,0.0357178152392378
lcl|NC_001134.8_cds_NP_009831.3_479,0.337872326374054,-0.47124195098877,3.83273233144359e-05,5.47206429872362e-05,0.337834000587463,0.337834000587463,-0.471296643917076,-0.471296643917076
lcl|NC_001134.8_cds_NP_009842.1_489,2.2439706325531,0.351006358861923,0.00025058950985869,3.77027618675443e-05,2.24372005462646,2.24372005462646,0.350968669734196,0.350968669734196
lcl|NC_001135.5_cds_NP_009877.1_526,1.75480473041534,0.244223386049271,1.47826912169856e-05,1.74347708961914e-06,1.75478994846344,1.75478994846344,0.244225138076556,0.244225138076556
lcl|NC_001135.5_cds_NP_009899.1_547,0.448063462972641,-0.34863618016243,1.25477350042454e-05,1.21298146516327e-05,0.448076009750366,0.448076009750366,-0.34864830784314,-0.34864830784314
lcl|NC_001135.5_cds_NP_009975.1_623,0.421121299266815,-0.375669002532959,3.32893942115732e-05,4.18763884110581e-05,0.421088010072708,0.421088010072708,-0.375627124367895,-0.375627124367895
lcl|NC_001135.5_cds_NP_009985.1_632,0.560194730758667,-0.251685291528702,6.25856032198116e-06,2.91474216762928e-05,0.560200989246368,0.560200989246368,-0.251656128600884,-0.251656128600884
lcl|NC_001135.5_cds_NP_010006.1_652,0.637177586555481,-0.195775330066681,3.26071746568801e-05,1.35895271189505e-05,0.637144982814789,0.637144982814789,-0.195761732386789,-0.195761732386789
lcl|NC_001136.10_cds_NP_010046.1_691,0.756837904453278,-0.120974756777287,2.11007808769546e-05,1.02669521029504e-05,0.756859004497528,0.756859004497528,-0.120985017820869,-0.120985017820869
lcl|NC_001136.10_cds_NP_010072.1_715,0.177971407771111,-0.749619662761688,1.44095124429411e-05,6.52720222772917e-05,0.177956998348236,0.177956998348236,-0.749684928231881,-0.749684928231881
lcl|NC_001136.10_cds_NP_010080.1_723,1.0872642993927,0.0363571681082249,6.56890747073537e-05,4.19472960381321e-06,1.08732998371124,1.08732998371124,0.0363613641017333,0.0363613641017333
lcl|NC_001136.10_cds_NP_010086.2_728,1.5010267496109,0.176398694515228,8.32126685422827e-05,1.38289690374719e-05,1.50110995769501,1.50110995769501,0.176412505881597,0.176412505881597
lcl|NC_001136.10_cds_NP_010145.1_732,10.650354385376,1.0273494720459,0.000645641298015319,4.08897827917783e-05,10.6510000228882,10.6510000228882,1.02739038561823,1.02739038561823
lcl|NC_001136.10_cds_NP_010134.1_771,0.877582430839539,-0.0566757917404175,6.85533163884018e-05,2.37310467701073e-06,0.87765097618103,0.87765097618103,-0.0566781597824992,-0.0566781597824992
lcl|NC_001136.10_cds_NP_010141.1_778,1.64448177814484,0.215976238250732,0.000131728800149402,1.80456199764406e-05,1.64435005187988,1.64435005187988,0.21599427635302,0.21599427635302
lcl|NC_001136.10_cds_NP_010090.1_782,9.46888637542725,0.976460158824921,0.000543604764922437,0.000136325282914084,9.4694299697876,9.4694299697876,0.976323836613958,0.976323836613958
lcl|NC_001136.10_cds_NP_010181.2_817,1.02724635601044,0.0116120632737875,0.000146402706773449,6.52932101267364e-07,1.02709996700287,1.02709996700287,0.0116127152670605,0.0116127152670605
lcl|NC_001136.10_cds_NP_010199.1_834,3.09521198272705,0.490681976079941,0.000331878191095325,3.81218987417569e-05,3.09488010406494,3.09488010406494,0.490643829074526,0.490643829074526
lcl|NC_001136.10_cds_NP_010205.1_840,0.995786249637604,-0.00182935560587794,9.77564478382994e-06,2.56244536009428e-07,0.995796024799347,0.995796024799347,-0.00182961175322246,-0.00182961175322246
lcl|NC_001136.10_cds_NP_010239.1_870,0.369615942239761,-0.432305961847305,2.49452036556845e-05,2.73288139257592e-05,0.369590997695923,0.369590997695923,-0.432278615640782,-0.432278615640782
lcl|NC_001136.10_cds_NP_010241.1_872,0.426743358373642,-0.369873076677322,4.03525811259575e-05,1.22195559797874e-06,0.426703006029129,0.426703006029129,-0.369874297620499,-0.369874297620499
lcl|NC_001136.10_cds_NP_010242.1_873,0.466998428106308,-0.330734968185425,4.44099214187344e-06,4.62534971833176e-05,0.466993987560272,0.466993987560272,-0.330688710839039,-0.330688710839039
lcl|NC_001136.10_cds_NP_010254.1_881,0.177578881382942,-0.750594794750214,1.68844170793082e-05,5.51996214597487e-05,0.17756199836731,0.17756199836731,-0.750649975862195,-0.750649975862195
lcl|NC_001136.10_cds_NP_010262.1_888,4.15195798873901,0.618166565895081,0.00058799271221572,2.48580590870589e-05,4.15137004852295,4.15137004852295,0.618191447632575,0.618191447632575
lcl|NC_001136.10_cds_NP_010277.1_902,0.842797577381134,-0.074238546192646,6.54475183071879e-05,4.44798179629787e-06,0.842863023281097,0.842863023281097,-0.074242998408153,-0.074242998408153
lcl|NC_001136.10_cds_NP_010284.1_909,1.03027355670929,0.0129548022523522,6.4376236561822e-06,4.647519087365e-07,1.03027999401093,1.03027999401093,0.0129552667722824,0.0129552667722824
lcl|NC_001136.10_cds_NP_010295.3_920,11.2673568725586,1.05177700519562,0.000543604764922437,6.60476652238131e-05,11.2679004669189,11.2679004669189,1.05184300206429,1.05184300206429
lcl|NC_001136.10_cds_NP_010315.1_939,3.14052939414978,0.497029483318329,0.000159505337041507,4.86682190132732e-05,3.14036989212036,3.14036989212036,0.496980804966747,0.496980804966747
lcl|NC_001136.10_cds_NP_010335.1_960,10.2558212280273,1.01083648204803,0.000521714794510082,0.000111817237310222,10.2552995681763,10.2552995681763,1.01094835109207,1.01094835109207
lcl|NC_001136.10_cds_NP_010363.1_987,0.151865720748901,-0.818451046943665,1.92822925909813e-05,3.40947978902279e-05,0.151885002851486,0.151885002851486,-0.818485106324109,-0.818485106324109
lcl|NC_001136.10_cds_NP_010372.3_997,0.702264130115509,-0.153450042009354,6.58644000747011e-05,8.74750398672013e-06,0.702329993247986,0.702329993247986,-0.153458784489946,-0.153458784489946
lcl|NC_001136.10_cds_NP_010373.3_998,0.317157387733459,-0.498688489198685,3.26071746568801e-05,7.95792595034866e-06,0.317189991474152,0.317189991474152,-0.498680524747005,-0.498680524747005
lcl|NC_001136.10_cds_NP_010376.3_1001,3.09762978553772,0.491017490625381,0.00014974259255797,8.97132473728021e-06,3.09748005867004,3.09748005867004,0.491008519103811,0.491008519103811
lcl|NC_001136.10_cds_NP_010386.1_1011,1.77931010723114,0.250250279903412,7.98798063164936e-05,2.08623480991038e-05,1.77938997745514,1.77938997745514,0.250271140043539,0.250271140043539
lcl|NC_001136.10_cds_NP_010443.3_1065,0.312740057706833,-0.504872918128967,1.80623211610666e-05,3.13556088876132e-05,0.312721997499466,0.312721997499466,-0.504841568528019,-0.504841568528019
lcl|NC_001136.10_cds_NP_010458.3_1081,0.108810424804688,-0.96330451965332,7.42844253314195e-06,5.46031799742463e-05,0.108802996575832,0.108802996575832,-0.963359143439058,-0.963359143439058
lcl|NC_001136.10_cds_NP_010475.1_1098,1.17454791069031,0.0698671713471413,1.78811722421377e-05,3.04755315843397e-06,1.17453002929688,1.17453002929688,0.0698641248949866,0.0698641248949866
lcl|NC_001136.10_cds_NP_010476.1_1099,1.32007014751434,0.120565980672836,8.01126477194333e-05,4.67945601743656e-06,1.31999003887177,1.31999003887177,0.12057065387301,0.12057065387301
lcl|NC_001136.10_cds_NP_010480.1_1102,1.25847244262695,0.0997926667332649,0.000142469795668229,1.88503318418423e-06,1.25832998752594,1.25832998752594,0.0997945464898199,0.0997945464898199
lcl|NC_001136.10_cds_NP_010518.1_1141,1.78325855731964,0.251239687204361,0.000171430890623666,1.63925912720547e-05,1.78342998027802,1.78342998027802,0.251256063057145,0.251256063057145
lcl|NC_001136.10_cds_NP_010521.1_1144,0.172974199056625,-0.76208233833313,6.79476355947523e-06,8.07051622519149e-05,0.17298099398613,0.17298099398613,-0.762001611671142,-0.762001611671142
lcl|NC_001136.10_cds_NP_010542.1_1164,0.834373950958252,-0.0786581933498383,2.49768543822521e-05,5.93127286539579e-06,0.834348976612091,0.834348976612091,-0.0786522624115339,-0.0786522624115339
lcl|NC_001136.10_cds_NP_010566.1_1190,0.3422711789608,-0.465648531913757,2.31862678682552e-05,1.05503904384773e-05,0.342247992753983,0.342247992753983,-0.465659090274836,-0.465659090274836
lcl|NC_001136.10_cds_NP_010582.3_1205,0.248366817831993,-0.604970276355743,9.81984862120766e-06,4.66709269011312e-05,0.248356997966766,0.248356997966766,-0.60492359836039,-0.60492359836039
lcl|NC_001136.10_cds_NP_010587.1_1210,0.683629870414734,-0.165151670575142,7.61243871553625e-05,2.10573259129529e-05,0.683705985546112,0.683705985546112,-0.16513061802556,-0.16513061802556
lcl|NC_001136.10_cds_NP_010604.4_1229,0.164924129843712,-0.782712936401367,9.86533329371656e-06,2.31267485916588e-05,0.164933994412422,0.164933994412422,-0.782689823044562,-0.782689823044562
lcl|NC_001136.10_cds_NP_010621.1_1246,0.440216511487961,-0.356270283460617,2.34866988620623e-05,4.02369403585023e-05,0.440239995718002,0.440239995718002,-0.356310504421068,-0.356310504421068
lcl|NC_001136.10_cds_NP_010628.3_1252,2.33841228485107,0.368909388780594,5.7698437193871e-05,2.24112473584582e-05,2.33846998214722,2.33846998214722,0.368931799443798,0.368931799443798
lcl|NC_001136.10_cds_NP_010673.1_1300,9.90608978271484,0.995994508266449,0.00074965182334898,0.000125119228894565,9.90534019470215,9.90534019470215,0.995869395790242,0.995869395790242
lcl|NC_001136.10_cds_NP_010682.3_1309,1.72942709922791,0.23789282143116,2.70611487483073e-05,2.65240742827578e-06,1.72940003871918,1.72940003871918,0.237895464362933,0.237895464362933
lcl|NC_001136.10_cds_NP_010707.3_1330,0.130294740200043,-0.885110139846802,7.25724533529571e-06,6.12167776902378e-05,0.130301997065544,0.130301997065544,-0.88504892804874,-0.88504892804874
lcl|NC_001136.10_cds_NP_010715.3_1337,1.18556773662567,0.0739693492650986,9.22704976702793e-05,9.17901929006477e-06,1.18566000461578,1.18566000461578,0.0739601702355316,0.0739601702355316
lcl|NC_001136.10_cds_NP_010759.1_1376,4.98412942886353,0.697618961334229,0.000359548556936636,6.09785740043631e-05,4.98376989364624,4.98376989364624,0.697557982241265,0.697557982241265
lcl|NC_001136.10_cds_NP_010787.3_1402,0.125488445162773,-0.901368677616119,2.548373418834e-06,1.87755739756558e-05,0.125490993261337,0.125490993261337,-0.901387443244845,-0.901387443244845
lcl|NC_001136.10_cds_NP_010819.1_1433,0.343193203210831,-0.464519470930099,2.72104434863322e-05,2.36930677059463e-05,0.343165993690491,0.343165993690491,-0.464495755451264,-0.464495755451264
lcl|NC_001136.10_cds_NP_010822.1_1436,1.4767814874649,0.169340968132019,0.00011850572630071,1.013275845355e-05,1.47689998149872,1.47689998149872,0.169351085051965,0.169351085051965
lcl|NC_001136.10_cds_NP_010829.1_1441,0.408142119646072,-0.389212131500244,5.41222974966145e-05,3.40371879081429e-05,0.408087998628616,0.408087998628616,-0.38924617711109,-0.38924617711109
lcl|NC_001137.3_cds_NP_010864.3_1472,1.15657949447632,0.063209243118763,9.04810041783186e-05,2.23528596833875e-07,1.15666997432709,1.15666997432709,0.0632094619991203,0.0632094619991203
lcl|NC_001137.3_cds_NP_010866.1_1474,0.43342050909996,-0.363037943840027,4.54797525214314e-05,7.03317641812998e-06,0.433465987443924,0.433465987443924,-0.363044974415998,-0.363044974415998
lcl|NC_001137.3_cds_NP_010890.3_1497,2.65098690986633,0.423398822546005,0.000313077764160635,6.00562773493279e-05,2.65129995346069,2.65129995346069,0.423458864196171,0.423458864196171
lcl|NC_001137.3_cds_NP_010897.1_1504,0.245284870266914,-0.610341966152191,1.41267777626926e-05,3.77300770652825e-05,0.245298996567726,0.245298996567726,-0.610304228336585,-0.610304228336585
lcl|NC_001137.3_cds_NP_010903.3_1510,1.26203548908234,0.101134292781353,0.000164524929322092,6.11684187489178e-06,1.26219999790192,1.26219999790192,0.101128175116854,0.101128175116854
lcl|NC_001137.3_cds_NP_010914.3_1521,1.05146765708923,0.0217940174043179,2.38430502278967e-06,2.88547692081826e-06,1.05147004127502,1.05147004127502,0.0217969031808802,0.0217969031808802
lcl|NC_001137.3_cds_NP_010924.1_1531,0.55325710773468,-0.25706148147583,3.79097504270498e-05,1.8239572173297e-05,0.553295016288757,0.553295016288757,-0.257043241602294,-0.257043241602294
lcl|NC_001137.3_cds_NP_010939.1_1547,0.467612981796265,-0.330078154802322,3.60310031447751e-05,1.8178984268625e-06,0.467649012804031,0.467649012804031,-0.330079978102935,-0.330079978102935
lcl|NC_001137.3_cds_NP_010946.3_1554,0.207060992717743,-0.683936297893524,2.50062707874422e-05,8.70312266546655e-05,0.207085996866226,0.207085996866226,-0.683849267061822,-0.683849267061822
lcl|NC_001137.3_cds_NP_010977.2_1587,8.86168766021729,0.947583794593811,0.000351947192245392,5.01278362599248e-05,8.86203956604004,8.86203956604004,0.9475336846794,0.9475336846794
lcl|NC_001137.3_cds_NP_010990.1_1599,0.828117370605469,-0.0819273516535759,5.23942118740202e-05,8.23305000933764e-06,0.828064978122711,0.828064978122711,-0.0819355828613594,-0.0819355828613594
lcl|NC_001137.3_cds_NP_010993.1_1602,2.71863079071045,0.434311509132385,0.000220798485838995,3.45724225936798e-06,2.7184100151062,2.7184100151062,0.434314961546066,0.434314961546066
lcl|NC_001137.3_cds_NP_011001.1_1611,0.742212772369385,-0.12944221496582,3.62414360745255e-05,8.15179366422003e-06,0.742249011993408,0.742249011993408,-0.129450371820293,-0.129450371820293
lcl|NC_001137.3_cds_NP_011021.3_1631,1.05311298370361,0.0225099809467793,8.70312266546655e-05,8.73572166486108e-07,1.05320000648499,1.05320000648499,0.0225108531081602,0.0225108531081602
lcl|NC_001137.3_cds_NP_011028.1_1637,7.8351616859436,0.893996477127075,0.000841634908233088,4.88782239191497e-06,7.83432006835938,7.83432006835938,0.894001310520858,0.894001310520858
lcl|NC_001137.3_cds_NP_011037.3_1646,1.61712563037872,0.208715990185738,0.000175600058289332,1.93877163820455e-05,1.61695003509521,1.61695003509521,0.208696600105722,0.208696600105722
lcl|NC_001137.3_cds_NP_011042.3_1651,6.56664609909058,0.817382872104645,0.00060368123304452,6.55683874859676e-07,6.56724977493286,6.56724977493286,0.817383534303763,0.817383534303763
lcl|NC_001137.3_cds_NP_011052.1_1660,2.20916271209717,0.344252794981003,0.000257271171345028,2.54835703390078e-05,2.20941996574402,2.20941996574402,0.344278274255282,0.344278274255282
lcl|NC_001137.3_cds_NP_011057.1_1665,6.99200248718262,0.844632148742676,0.00050263395007268,6.18106021860265e-05,6.99149990081787,6.99149990081787,0.844570355827321,0.844570355827321
lcl|NC_001137.3_cds_NP_011091.1_1702,0.802370309829712,-0.0955769643187523,0.000109674413065211,1.11685110236239e-05,0.802479982376099,0.802479982376099,-0.0955657921343417,-0.0955657921343417
lcl|NC_001137.3_cds_NP_011098.3_1709,0.539245545864105,-0.268159240484238,3.94613331748663e-05,2.24112473584582e-05,0.539285004138947,0.539285004138947,-0.268181655940753,-0.268181655940753
lcl|NC_001137.3_cds_NP_011099.1_1710,0.294185191392899,-0.531399965286255,1.61845596082987e-05,3.0995965583092e-06,0.294169008731842,0.294169008731842,-0.531403082953515,-0.531403082953515
lcl|NC_001137.3_cds_NP_011102.3_1713,0.479658931493759,-0.319088041782379,5.93127286539579e-06,1.51998313079233e-05,0.479653000831604,0.479653000831604,-0.319072834128376,-0.319072834128376
lcl|NC_001138.5_cds_NP_116594.1_1739,0.372865587472916,-0.428442150354385,2.94166104224678e-05,2.87009168784399e-05,0.372895002365112,0.372895002365112,-0.428413437126219,-0.428413437126219
lcl|NC_001138.5_cds_NP_116614.1_1759,7.91929769515991,0.898771703243256,9.25069943666352e-05,7.9931803773312e-05,7.9193902015686,7.9193902015686,0.898691741906452,0.898691741906452
lcl|NC_001138.5_cds_NP_116615.1_1760,1.25984477996826,0.100357308983803,0.000155207931333309,1.32407251592144e-05,1.25999999046326,1.25999999046326,0.100370541830456,0.100370541830456
lcl|NC_001138.5_cds_NP_116635.1_1780,1.88297188282013,0.274884194135666,8.8101683712367e-05,2.00281619298583e-05,1.88305997848511,1.88305997848511,0.274864153213834,0.274864153213834
lcl|NC_001138.5_cds_NP_116640.1_1785,5.77370071411133,0.761589050292969,0.00054934387957893,9.34588950888158e-05,5.77425003051758,5.77425003051758,0.761495585315935,0.761495585315935
lcl|NC_001138.5_cds_NP_116650.1_1794,1.40745377540588,0.148447528481483,9.62077683213286e-05,1.63035873284401e-05,1.40754997730255,1.40754997730255,0.148463824114063,0.148463824114063
lcl|NC_001138.5_cds_NP_116659.1_1804,1.24250841140747,0.0943572372198105,0.000151639001708199,4.90262374603585e-06,1.24266004562378,1.24266004562378,0.0943523349949657,0.0943523349949657
lcl|NC_001138.5_cds_NP_116660.1_1805,0.151327818632126,-0.820197880268097,1.3813480408923e-05,7.70108762588776e-05,0.151314005255699,0.151314005255699,-0.820120872877191,-0.820120872877191
lcl|NC_001138.5_cds_NP_116662.1_1807,0.544442236423492,-0.264009565114975,2.37849525471782e-05,1.96716415440321e-05,0.544466018676758,0.544466018676758,-0.264029220337405,-0.264029220337405
lcl|NC_001138.5_cds_NP_116708.1_1854,0.670261085033417,-0.17382587492466,8.8101683712367e-05,1.27863712581262e-05,0.670172989368439,0.670172989368439,-0.173813079939468,-0.173813079939468
lcl|NC_001138.5_cds_NP_116711.3_1857,4.2956862449646,0.632963061332703,8.63168126337117e-05,6.07993252316933e-05,4.29559993743896,4.29559993743896,0.633023827381181,0.633023827381181
lcl|NC_001139.9_cds_NP_011261.1_1872,6.10911655426025,0.786012053489685,0.000636569926754925,7.89226663497325e-05,6.10847997665405,6.10847997665405,0.785933154615966,0.785933154615966
lcl|NC_001139.9_cds_NP_011266.1_1877,0.1833835542202,-0.736681163311005,2.34397385172194e-05,9.70385172130617e-05,0.183406993746758,0.183406993746758,-0.73658410766429,-0.73658410766429
lcl|NC_001139.9_cds_NP_011276.1_1886,1.23854267597198,0.0929523408412933,8.73840836312518e-05,1.07215508376133e-05,1.23863005638123,1.23863005638123,0.0929416143156776,0.0929416143156776
lcl|NC_001139.9_cds_NP_011281.1_1891,0.555165112018585,-0.255614846944809,3.91025791353198e-05,6.40821806997044e-06,0.555126011371613,0.555126011371613,-0.255608422586184,-0.255608422586184
lcl|NC_001139.9_cds_NP_011302.1_1909,0.805146217346191,-0.0941738784313202,7.52223693842431e-05,8.05413276351772e-06,0.805070996284485,0.805070996284485,-0.0941658190917472,-0.0941658190917472
lcl|NC_001139.9_cds_NP_011305.1_1912,0.662595748901367,-0.178744256496429,1.87755739756558e-05,1.94009914166637e-05,0.662576973438263,0.662576973438263,-0.178763661243778,-0.178763661243778
lcl|NC_001139.9_cds_NP_011314.2_1921,1.04656887054443,0.0197564046829939,2.88492185969355e-05,5.62535530974369e-07,1.04654002189636,1.04654002189636,0.0197558413286878,0.0197558413286878
lcl|NC_001139.9_cds_NP_011326.1_1933,9.15066909790039,0.961503207683563,0.00031093105587634,3.55838543703829e-05,9.15097999572754,9.15097999572754,0.961467605973162,0.961467605973162
lcl|NC_001139.9_cds_NP_011341.3_1946,0.13597483932972,-0.866645336151123,1.88349063878545e-05,4.37528543555932e-05,0.135956004261971,0.135956004261971,-0.866601607787696,-0.866601607787696
lcl|NC_001139.9_cds_NP_011359.1_1963,0.885380446910858,-0.0528560914099216,3.25475046680487e-05,1.98201089304815e-06,0.885412991046906,0.885412991046906,-0.0528541102105762,-0.0528541102105762
lcl|NC_001139.9_cds_NP_011367.1_1970,2.84971523284912,0.454809486865997,0.000164754817953205,1.71072875025365e-05,2.84987998008728,2.84987998008728,0.454826570505572,0.454826570505572
lcl|NC_001139.9_cds_NP_116577.1_1973,0.699820995330811,-0.154996648430824,4.29774095192756e-05,1.02828080826308e-05,0.699863970279694,0.699863970279694,-0.154986363839752,-0.154986363839752
lcl|NC_001139.9_cds_NP_011395.1_1997,1.4411449432373,0.158682137727737,0.000134947561623108,1.5139916181992e-05,1.44100999832153,1.44100999832153,0.158666994138629,0.158666994138629
lcl|NC_001139.9_cds_NP_011400.1_2002,0.755501866340637,-0.12170472741127,9.71582997778451e-05,3.88935962697951e-06,0.755599021911621,0.755599021911621,-0.121708612924186,-0.121708612924186
lcl|NC_001139.9_cds_NP_011404.1_2006,0.261791497468948,-0.582033276557922,2.50352024123229e-06,1.53783521061692e-05,0.261788994073868,0.261788994073868,-0.582048615667083,-0.582048615667083
lcl|NC_001139.9_cds_NP_011421.1_2021,0.476510047912598,-0.322006911039352,6.70595002136297e-05,1.78534287840622e-05,0.476442992687225,0.476442992687225,-0.321989056080168,-0.321989056080168
lcl|NC_001139.9_cds_NP_011467.1_2063,1.62892150878906,0.211915791034698,9.84765918183789e-05,1.06254353768348e-05,1.62901997566223,1.62901997566223,0.2119264098252,0.2119264098252
lcl|NC_001139.9_cds_NP_011468.1_2064,0.260493516921997,-0.584155380725861,1.15041246972981e-05,6.69421991819746e-05,0.260482013225555,0.260482013225555,-0.584222260182436,-0.584222260182436
lcl|NC_001139.9_cds_NP_011488.1_2083,0.751107931137085,-0.124257370829582,9.00714244014952e-05,1.1787267673477e-05,0.751197993755341,0.751197993755341,-0.124245580622335,-0.124245580622335
lcl|NC_001139.9_cds_NP_011493.1_2087,1.70973086357117,0.23290878534317,0.000110868056081859,9.20966241968921e-06,1.70961999893188,1.70961999893188,0.232899589511044,0.232899589511044
lcl|NC_001139.9_cds_NP_011499.1_2093,1.01299297809601,0.0055962260812521,2.30082493945961e-05,3.45063988441293e-07,1.01296997070312,1.01296997070312,0.00559657097604197,0.00559657097604197
lcl|NC_001139.9_cds_NP_011542.3_2138,0.232442140579224,-0.633670568466187,1.28609587408255e-05,9.47743760676244e-06,0.232455000281334,0.232455000281334,-0.633661107380508,-0.633661107380508
lcl|NC_001139.9_cds_NP_011577.3_2176,0.454537451267242,-0.342512100934982,5.24508512687242e-05,3.16509485767237e-05,0.45448499917984,0.45448499917984,-0.342480446613482,-0.342480446613482
lcl|NC_001139.9_cds_NP_011589.3_2185,0.397166550159454,-0.401076257228851,2.95653824339712e-05,1.65715761045226e-05,0.397136986255646,0.397136986255646,-0.401059664236238,-0.401059664236238
lcl|NC_001139.9_cds_NP_011604.3_2200,1.13893938064575,0.0565117299556732,1.06096297131031e-05,7.07481031255337e-06,1.13894999027252,1.13894999027252,0.0565046552244008,0.0565046552244008
lcl|NC_001139.9_cds_NP_011605.1_2201,0.385254174470901,-0.414258599281311,6.82539749678079e-06,1.36507949935616e-05,0.385260999202728,0.385260999202728,-0.41424495332373,-0.41424495332373
lcl|NC_001139.9_cds_NP_011609.2_2205,0.378648906946182,-0.421827584505081,2.69141640937694e-05,3.34085994639415e-05,0.378621995449066,0.378621995449066,-0.421794159984789,-0.421794159984789
lcl|NC_001139.9_cds_NP_011631.1_2225,1.34083890914917,0.127404570579529,0.000101087285392819,4.78348924906396e-06,1.34093999862671,1.34093999862671,0.127409345451661,0.127409345451661
lcl|NC_001139.9_cds_NP_011633.3_2227,7.96098756790161,0.900950491428375,0.000392467832453468,3.78498572776643e-05,7.96138000488281,7.96138000488281,0.900988353737617,0.900988353737617
lcl|NC_001139.9_cds_NP_011656.3_2248,0.188712522387505,-0.72422468662262,1.95221114568711e-05,1.95512895676599e-05,0.188693001866341,0.188693001866341,-0.724244206391455,-0.724244206391455
lcl|NC_001139.9_cds_NP_011695.1_2292,0.121334865689278,-0.916017353534698,8.8668729409335e-06,2.87915172060756e-05,0.121325999498367,0.121325999498367,-0.916046122227079,-0.916046122227079
lcl|NC_001139.9_cds_NP_011703.3_2299,0.992496013641357,-0.00327300862409174,3.99343235819936e-06,3.21300504990287e-08,0.992492020130157,0.992492020130157,-0.00327297638083831,-0.00327297638083831
lcl|NC_001139.9_cds_NP_011734.3_2330,1.39739298820496,0.145266324281693,0.000133043855920968,1.08789033318332e-05,1.39725995063782,1.39725995063782,0.145277211142985,0.145277211142985
lcl|NC_001139.9_cds_NP_011750.1_2343,1.90951478481293,0.280937790870667,4.51804141176386e-05,4.50028424779496e-06,1.90955996513367,1.90955996513367,0.280933300896167,0.280933300896167
lcl|NC_001139.9_cds_NP_011803.3_2393,1.97341704368591,0.295186132192612,7.03317641812998e-06,3.12059436772898e-05,1.97341001033783,1.97341001033783,0.295217326878082,0.295217326878082
lcl|NC_001140.6_cds_NP_011830.1_2417,10.9472026824951,1.03935265541077,0.000797302813585616,1.78811722421377e-05,10.9479999542236,10.9479999542236,1.03933478692219,1.03933478692219
lcl|NC_001140.6_cds_NP_011871.1_2461,4.79686975479126,0.681012868881226,9.9662851698202e-05,6.39577558218774e-05,4.7967700958252,4.7967700958252,0.680948903684324,0.680948903684324
lcl|NC_001140.6_cds_NP_011874.1_2465,8.24941539764404,0.916426062583923,0.000455882945041531,2.68825496970604e-05,8.2489595413208,8.2489595413208,0.916399173524568,0.916399173524568
lcl|NC_001140.6_cds_NP_011889.1_2481,0.677098512649536,-0.169424504041672,9.05462926206693e-05,1.82835707023089e-05,0.677007973194122,0.677007973194122,-0.169406216552935,-0.169406216552935
lcl|NC_001140.6_cds_NP_011892.1_2484,1.4616414308548,0.164792999625206,0.000191453663346628,9.04534583731896e-06,1.46144998073578,1.46144998073578,0.16478395588081,0.16478395588081
lcl|NC_001140.6_cds_NP_011902.1_2494,1.03798985481262,0.0161342322826385,0.000139843160792963,3.66979669719723e-07,1.03785002231598,1.03785002231598,0.0161345989974287,0.0161345989974287
lcl|NC_001140.6_cds_NP_011907.1_2499,0.116750039160252,-0.932697772979736,1.03572350653266e-06,4.90584790566835e-05,0.116749003529549,0.116749003529549,-0.9327468175153,-0.9327468175153
lcl|NC_001140.6_cds_NP_011908.1_2500,1.82102620601654,0.260325998067856,3.81488802736898e-06,8.88198428374687e-06,1.82103002071381,1.82103002071381,0.260317105445046,0.260317105445046
lcl|NC_001140.6_cds_NP_011936.1_2528,0.433546930551529,-0.363024175167084,4.09202097722179e-05,1.93117755564358e-05,0.433506011962891,0.433506011962891,-0.363004875248431,-0.363004875248431
lcl|NC_001140.6_cds_NP_011967.1_2560,0.453624457120895,-0.343262642621994,3.35578368305057e-05,8.76274833070504e-06,0.453658014535904,0.453658014535904,-0.343271412268302,-0.343271412268302
lcl|NC_001140.6_cds_NP_011985.1_2578,0.851591825485229,-0.0697202682495117,8.81569320084788e-05,3.29324130041225e-06,0.851679980754852,0.851679980754852,-0.0697235609849376,-0.0697235609849376
lcl|NC_001140.6_cds_NP_012018.1_2611,0.651403605937958,-0.186125352978706,6.34243485775409e-05,1.77919271851915e-05,0.651467025279999,0.651467025279999,-0.186107561687947,-0.186107561687947
lcl|NC_001140.6_cds_NP_012035.1_2628,0.576823353767395,-0.238929957151413,3.36201239185752e-05,1.90744401368449e-06,0.576856970787048,0.576856970787048,-0.238931854951888,-0.238931854951888
lcl|NC_001140.6_cds_NP_012041.1_2634,0.510781943798065,-0.291742950677872,4.90584790566835e-05,2.02079401508131e-05,0.510830998420715,0.510830998420715,-0.291722756603239,-0.291722756603239
lcl|NC_001140.6_cds_NP_012042.1_2635,0.350359410047531,-0.455401510000229,3.85969645976399e-05,3.68661955590661e-05,0.350398004055023,0.350398004055023,-0.455438376334888,-0.455438376334888
lcl|NC_001141.2_cds_NP_012104.1_2700,2.70909523963928,0.432847321033478,0.000144725533397103,1.49019063924354e-07,2.7092399597168,2.7092399597168,0.43284747257308,0.43284747257308
lcl|NC_001141.2_cds_NP_012106.1_2702,0.850474238395691,-0.0703787431120872,9.12641273037606e-05,6.69886829887191e-06,0.85038298368454,0.85038298368454,-0.0703854387080013,-0.0703854387080013
lcl|NC_001141.2_cds_NP_012113.1_2710,0.158599495887756,-0.799710810184479,7.5100147744719e-06,3.3202437206982e-05,0.158607006072998,0.158607006072998,-0.799677632707948,-0.799677632707948
lcl|NC_001141.2_cds_NP_012123.1_2720,1.05334913730621,0.0225491859018803,5.91307648679424e-05,1.22013196605444e-06,1.0532900094986,1.0532900094986,0.0225479649025604,0.0225479649025604
lcl|NC_001141.2_cds_NP_012157.3_2754,1.72140038013458,0.235838577151299,0.000200412364084248,7.22768003388065e-06,1.72119998931885,1.72119998931885,0.235831334715441,0.235831334715441
lcl|NC_001141.2_cds_NP_012189.2_2786,1.34644281864166,0.1291533857584,7.28388696197104e-05,1.10420476301214e-05,1.34636998176575,1.34636998176575,0.129164420184922,0.129164420184922
lcl|NC_001141.2_cds_NP_012190.1_2787,1.09270358085632,0.0384748913347721,7.35544953930543e-05,1.75829410453249e-06,1.09263002872467,1.09263002872467,0.0384731320473302,0.0384731320473302
lcl|NC_001141.2_cds_NP_012194.1_2792,1.34660542011261,0.129187375307083,0.000165467550337179,3.72547655832046e-07,1.34643995761871,1.34643995761871,0.129186991497046,0.129186991497046
lcl|NC_001141.2_cds_NP_012196.1_2794,0.209694415330887,-0.678363084793091,9.41745319392726e-06,6.95628563652285e-05,0.209684997797012,0.209684997797012,-0.678432640622134,-0.678432640622134
lcl|NC_001141.2_cds_NP_012203.1_2801,0.715933322906494,-0.145100682973862,6.06796562971873e-05,1.00592350896256e-05,0.715994000434875,0.715994000434875,-0.145090616782848,-0.145090616782848
lcl|NC_001141.2_cds_NP_012211.2_2807,7.26276397705078,0.861213386058807,6.1991931166184e-06,0.000111051955271292,7.26277017593384,7.26277017593384,0.861102301506439,0.861102301506439
lcl|NC_001141.2_cds_NP_012212.1_2808,9.96042442321777,0.998141229152679,0.00076488280895313,0.000103294101325516,9.95965957641602,9.95965957641602,0.998244494386482,0.998244494386482
lcl|NC_001141.2_cds_NP_012229.1_2826,0.615396201610565,-0.210806295275688,6.77701436374502e-05,8.92671439203109e-06,0.615463972091675,0.615463972091675,-0.210797364633126,-0.210797364633126
lcl|NC_001141.2_cds_NP_012238.1_2833,0.684541165828705,-0.164642453193665,4.9174615373295e-05,1.08185515389724e-05,0.684491991996765,0.684491991996765,-0.164631628394797,-0.164631628394797
lcl|NC_001141.2_cds_NP_012243.3_2837,0.753419995307922,-0.122936718165874,2.59879861138638e-05,1.11615429367049e-05,0.753445982933044,0.753445982933044,-0.122947878259802,-0.122947878259802
lcl|NC_001141.2_cds_NP_012256.1_2850,0.157630547881126,-0.802269876003265,1.54526505465066e-05,4.7149070693908e-05,0.157646000385284,0.157646000385284,-0.802317043201108,-0.802317043201108
lcl|NC_001141.2_cds_NP_012273.1_2868,0.488242030143738,-0.311359316110611,3.50190587881835e-05,3.6656679357996e-05,0.488207012414932,0.488207012414932,-0.311395986837638,-0.311395986837638
lcl|NC_001141.2_cds_NP_012295.1_2891,0.553394258022308,-0.256928652524948,3.07567042123383e-05,1.25769645985023e-05,0.553425014019012,0.553425014019012,-0.256941215262075,-0.256941215262075
lcl|NC_001142.9_cds_NP_012341.1_2930,0.342055857181549,-0.465831249952316,2.91474216762928e-05,3.47199422087403e-05,0.342085003852844,0.342085003852844,-0.46586596377667,-0.46586596377667
lcl|NC_001142.9_cds_NP_012382.2_2967,1.08593785762787,0.035807479172945,1.21591261147869e-05,2.35812981658016e-06,1.0859500169754,1.0859500169754,0.0358098364394525,0.0358098364394525
lcl|NC_001142.9_cds_NP_012409.1_2993,0.158364072442055,-0.80029308795929,1.59302900347288e-05,6.55635640859053e-06,0.158380001783371,0.158380001783371,-0.8002996564803,-0.8002996564803
lcl|NC_001142.9_cds_NP_012410.1_2994,0.308842957019806,-0.510250866413116,2.50342412879246e-05,2.37849525471782e-05,0.308867990970612,0.308867990970612,-0.510227096765339,-0.510227096765339
lcl|NC_001142.9_cds_NP_012436.1_3018,0.136707499623299,-0.86425769329071,1.54968771976651e-05,8.34506765122057e-07,0.136692002415657,0.136692002415657,-0.864256894417949,-0.864256894417949
lcl|NC_001142.9_cds_NP_012439.2_3021,1.00422978401184,0.00185029546264559,4.01777309830989e-05,1.75793650470209e-07,1.00426995754242,1.00426995754242,0.00185047108772373,0.00185047108772373
lcl|NC_001142.9_cds_NP_012454.1_3035,0.386478424072266,-0.412844479084015,2.05656161652615e-05,7.15291509868399e-06,0.386498987674713,0.386498987674713,-0.412851639256295,-0.412851639256295
lcl|NC_001142.9_cds_NP_012475.3_3056,1.41622853279114,0.151133343577385,6.15134084246767e-05,1.88650385326413e-05,1.41629004478455,1.41629004478455,0.151152202471165,0.151152202471165
lcl|NC_001142.9_cds_NP_012485.1_3067,1.35938918590546,0.133376032114029,6.07993252316933e-05,1.28002270260325e-05,1.35944998264313,1.35944998264313,0.133363233503739,0.133363233503739
lcl|NC_001142.9_cds_NP_012520.1_3097,1.7441953420639,0.241621285676956,0.000154629561515416,1.23244635353559e-05,1.74434995651245,1.74434995651245,0.241633618747633,0.241633618747633
lcl|NC_001142.9_cds_NP_012524.3_3101,0.800781309604645,-0.0964932888746262,1.66901353024411e-06,8.12159935296001e-06,0.800782978534698,0.800782978534698,-0.0964851668062347,-0.0964851668062347
lcl|NC_001142.9_cds_NP_012540.3_3117,2.91838836669922,0.465160071849823,0.000181679816709819,1.00736922908605e-05,2.91857004165649,2.91857004165649,0.465170120239947,0.465170120239947
lcl|NC_001142.9_cds_NP_012543.3_3120,2.5279688835144,0.402831107378006,0.000281093343515314,1.10865021073754e-05,2.52824997901917,2.52824997901917,0.402820012308653,0.402820012308653
lcl|NC_001142.9_cds_NP_012569.1_3143,0.2249646037817,-0.647918283939362,9.40279617303038e-06,5.06091215646212e-05,0.224974006414413,0.224974006414413,-0.647867657546061,-0.647867657546061
lcl|NC_001142.9_cds_NP_012576.1_3148,0.313495546579361,-0.503720104694366,3.34710995909873e-05,2.1458745296052e-06,0.313529014587402,0.313529014587402,-0.503722262513868,-0.503722262513868
lcl|NC_001142.9_cds_NP_012580.1_3152,0.320616334676743,-0.493985801935196,1.56778044438066e-05,7.30225247724158e-06,0.320632010698318,0.320632010698318,-0.493993121483891,-0.493993121483891
lcl|NC_001142.9_cds_NP_012585.1_3157,0.970315158367157,-0.013086442835629,2.1458745296052e-06,1.70262546686555e-06,0.970313012599945,0.970313012599945,-0.0130881443768207,-0.0130881443768207
lcl|NC_001142.9_cds_NP_012596.3_3168,0.214357182383537,-0.668909728527069,9.81984862120766e-06,6.76538975243899e-05,0.214367002248764,0.214367002248764,-0.668842065267485,-0.668842065267485
lcl|NC_001142.9_cds_NP_012633.1_3203,0.228732451796532,-0.64066344499588,3.24555380978079e-05,7.03951420875211e-05,0.228699997067451,0.228699997067451,-0.640733840962074,-0.640733840962074
lcl|NC_001142.9_cds_NP_012636.1_3206,0.367740362882614,-0.434386819601059,3.76440715533186e-05,2.74500441734019e-05,0.36777800321579,0.36777800321579,-0.434414249452702,-0.434414249452702
lcl|NC_001143.9_cds_NP_012710.1_3278,1.43331801891327,0.156281873583794,0.000177985088335702,6.76528718707682e-06,1.43314003944397,1.43314003944397,0.156288629606159,0.156288629606159
lcl|NC_001143.9_cds_NP_012712.1_3280,1.46359384059906,0.165369719266891,0.000213887893862887,1.26074567578209e-05,1.46337997913361,1.46337997913361,0.165357109046919,0.165357109046919
lcl|NC_001143.9_cds_NP_012716.1_3284,0.140101119875908,-0.853522837162018,4.11264646387568e-06,4.83433331966989e-05,0.140097007155418,0.140097007155418,-0.853571142300023,-0.853571142300023
lcl|NC_001143.9_cds_NP_012719.2_3287,0.751007735729218,-0.124315477907658,6.12761875499595e-05,4.68634264354235e-06,0.751069009304047,0.751069009304047,-0.12432015755902,-0.12432015755902
lcl|NC_001143.9_cds_NP_012735.1_3301,0.219261333346367,-0.659056425094604,1.96716415440321e-05,5.74624694193971e-05,0.219281002879143,0.219281002879143,-0.658998991223202,-0.658998991223202
lcl|NC_001143.9_cds_NP_012739.1_3306,3.16601395606995,0.500490784645081,3.38548905840842e-05,1.7404307494688e-05,3.16598010063171,3.16598010063171,0.50050818083177,0.50050818083177
lcl|NC_001143.9_cds_NP_012748.1_3314,0.198754146695137,-0.70166027545929,8.85161311913253e-06,4.17253384509848e-06,0.198762997984886,0.198762997984886,-0.701664461320379,-0.701664461320379
lcl|NC_001143.9_cds_NP_012751.1_3317,0.451441884040833,-0.345440953969955,2.89084357395735e-06,4.00253233771963e-05,0.451438993215561,0.451438993215561,-0.345400931286247,-0.345400931286247
lcl|NC_001143.9_cds_NP_012777.1_3338,1.81711137294769,0.259367763996124,4.13668875842947e-05,3.90439526024548e-06,1.81707000732422,1.81707000732422,0.259371659949147,0.259371659949147
lcl|NC_001143.9_cds_NP_012797.1_3357,0.350288242101669,-0.45556914806366,9.23968200639848e-06,1.67507586101173e-05,0.350279003381729,0.350279003381729,-0.455585894622781,-0.455585894622781
lcl|NC_001143.9_cds_NP_012832.1_3390,0.979490637779236,-0.00901018548756838,2.2649876527998e-05,4.31247042654286e-07,0.979467988014221,0.979467988014221,-0.00900975349871505,-0.00900975349871505
lcl|NC_001143.9_cds_NP_012856.1_3413,1.71799397468567,0.23502604663372,4.60164987891923e-05,7.24228866699234e-06,1.71803998947144,1.71803998947144,0.235033268345431,0.235033268345431
lcl|NC_001143.9_cds_NP_012866.1_3423,0.563520431518555,-0.249024957418442,6.95628563652285e-05,1.1787267673477e-05,0.563589990139008,0.563589990139008,-0.249036728951607,-0.249036728951607
lcl|NC_001143.9_cds_NP_012868.1_3425,0.413278967142105,-0.383789122104645,3.39752978076523e-05,3.27817820429527e-06,0.413244992494583,0.413244992494583,-0.383792400297705,-0.383792400297705
lcl|NC_001143.9_cds_NP_012889.3_3444,2.89439964294434,0.461469769477844,0.000289706890562798,4.52405020891593e-05,2.89410996437073,2.89410996437073,0.461515028514918,0.461515028514918
lcl|NC_001143.9_cds_NP_012897.3_3450,1.04332852363586,0.0184315573424101,2.14578383337064e-05,1.54617653817496e-06,1.04334998130798,1.04334998130798,0.0184300126023536,0.0184300126023536
lcl|NC_001143.9_cds_NP_012900.1_3453,0.509949505329132,-0.292479395866394,2.50352024123229e-06,8.70215374734401e-06,0.509952008724213,0.509952008724213,-0.2924706931706,-0.2924706931706
lcl|NC_001143.9_cds_NP_012927.3_3482,0.72311806678772,-0.140827357769012,4.8045877606264e-05,7.71894757803309e-06,0.723070025444031,0.723070025444031,-0.14081964158336,-0.14081964158336
lcl|NC_001143.9_cds_NP_012950.3_3504,0.40668922662735,-0.390808403491974,3.02199654517769e-05,3.88019828333273e-05,0.406659007072449,0.406659007072449,-0.39076960408794,-0.39076960408794
lcl|NC_001143.9_cds_NP_012969.1_3520,1.36006188392639,0.133509770035744,0.000141869967054936,3.60615232461694e-06,1.35992002487183,1.35992002487183,0.133513368827475,0.133513368827475
lcl|NC_001143.9_cds_NP_012974.1_3524,0.744249761104584,-0.128247767686844,7.12348978341143e-05,8.03241613836606e-06,0.74432098865509,0.74432098865509,-0.128239734429371,-0.128239734429371
lcl|NC_001143.9_cds_NP_012975.3_3525,0.231199875473976,-0.636081099510193,7.88290308657353e-06,5.38834621978218e-05,0.231191992759705,0.231191992759705,-0.636027211603134,-0.636027211603134
lcl|NC_001143.9_cds_NP_013002.3_3552,1.35157644748688,0.130859330296516,5.35275160097093e-05,1.50503089592286e-06,1.35162997245789,1.35162997245789,0.130857813710097,0.130857813710097
lcl|NC_001143.9_cds_NP_013005.1_3555,0.546700775623322,-0.262279689311981,3.47521180651777e-05,1.75829410453249e-06,0.546666026115417,0.546666026115417,-0.262277915552518,-0.262277915552518
lcl|NC_001143.9_cds_NP_013010.3_3560,0.506650269031525,-0.295326560735703,8.2857880522613e-06,2.7748034783441e-05,0.506641983985901,0.506641983985901,-0.295298824300882,-0.295298824300882
lcl|NC_001143.9_cds_NP_013012.3_3562,0.268573313951492,-0.570842385292053,2.16961316354596e-05,5.97254229789708e-05,0.268595010042191,0.268595010042191,-0.570902059914778,-0.570902059914778
lcl|NC_001144.5_cds_NP_013050.1_3600,4.70278882980347,0.6723353266716,0.000578902133588413,3.33219168890608e-05,4.70220994949341,4.70220994949341,0.672302016084302,0.672302016084302
lcl|NC_001144.5_cds_NP_013055.1_3604,11.0160694122314,1.04201030731201,0.000730548607601437,4.51804141176386e-05,11.0167999267578,11.0167999267578,1.04205546239448,1.04205546239448
lcl|NC_001144.5_cds_NP_013078.1_3625,0.581411421298981,-0.235515668988228,1.44246092984678e-05,1.15486096211207e-05,0.581396996974945,0.581396996974945,-0.235527215772641,-0.235527215772641
lcl|NC_001144.5_cds_NP_013083.1_3629,3.3870964050293,0.529821276664734,0.000263715064091131,4.00563238597166e-05,3.38736009597778,3.38736009597778,0.529861367115062,0.529861367115062
lcl|NC_001144.5_cds_NP_013145.1_3689,13.9318933486938,1.14390432834625,0.00100713042472934,0.000137225666400903,13.932900428772,13.932900428772,1.14404153344416,1.14404153344416
lcl|NC_001144.5_cds_NP_013186.1_3728,0.145507767796516,-0.837027549743652,1.77327168784185e-06,9.1557313263155e-05,0.145505994558334,0.145505994558334,-0.837119114238364,-0.837119114238364
lcl|NC_001144.5_cds_NP_013204.1_3746,0.238385796546936,-0.622679710388184,1.32025244724299e-05,1.58560871443852e-05,0.238398998975754,0.238398998975754,-0.622695572506546,-0.622695572506546
lcl|NC_001144.5_cds_NP_013207.1_3749,0.737312793731689,-0.132324069738388,4.4228664661252e-05,1.87750369361797e-06,0.737357020378113,0.737357020378113,-0.132322180476326,-0.132322180476326
lcl|NC_001144.5_cds_NP_013210.1_3752,5.73153257369995,0.758302330970764,0.000617551433562238,1.52595521094759e-05,5.73215007781982,5.73215007781982,0.758317552471253,0.758317552471253
lcl|NC_001144.5_cds_NP_013248.1_3788,0.215793073177338,-0.666015148162842,2.10718983525776e-05,1.0252255417966e-05,0.21577200293541,0.21577200293541,-0.666004907009264,-0.666004907009264
lcl|NC_001144.5_cds_NP_013267.1_3818,0.698132514953613,-0.156095877289772,3.95194878460359e-05,9.15016917334057e-06,0.698092997074127,0.698092997074127,-0.156086718600567,-0.156086718600567
lcl|NC_001144.5_cds_NP_013276.1_3825,3.45746517181396,0.53875744342804,0.000304975189934055,3.86840185944246e-05,3.45777010917664,3.45777010917664,0.538796115706293,0.538796115706293
lcl|NC_001144.5_cds_NP_013341.1_3885,0.390805423259735,-0.408144742250443,5.14125261276492e-05,4.81936289296718e-05,0.390754014253616,0.390754014253616,-0.408096551736825,-0.408096551736825
lcl|NC_001144.5_cds_NP_013350.1_3894,8.8415699005127,0.946394741535187,6.00801181957752e-05,0.000137583582500698,8.84162998199463,8.84162998199463,0.946532335932846,0.946532335932846
lcl|NC_001144.5_cds_NP_013376.1_3920,1.04387307167053,0.0186206381767988,6.30632246925882e-05,8.19544551073816e-07,1.04381000995636,1.04381000995636,0.0186214573479206,0.0186214573479206
lcl|NC_001144.5_cds_NP_013394.1_3936,0.884156227111816,-0.0534727051854134,1.32324293593352e-05,4.78348924906396e-06,0.884142994880676,0.884142994880676,-0.0534774896640845,-0.0534774896640845
lcl|NC_001144.5_cds_NP_013396.1_3938,6.01953458786011,0.779658794403076,6.5328373150974e-05,9.11990118904623e-05,6.01959991455078,6.01959991455078,0.779567627357997,0.779567627357997
lcl|NC_001144.5_cds_NP_013401.1_3942,0.240888938307762,-0.618163526058197,1.60648322767321e-05,9.35891203487311e-06,0.240905001759529,0.240905001759529,-0.618154182923978,-0.618154182923978
lcl|NC_001144.5_cds_NP_013403.1_3944,3.02979373931885,0.48144593834877,0.000286367735314286,8.16604664387175e-06,3.03008008003235,3.03008008003235,0.481454106342763,0.481454106342763
lcl|NC_001144.5_cds_NP_013404.1_3945,2.62097859382629,0.418454140424728,0.000148538428270449,1.5289327529551e-05,2.62083005905151,2.62083005905151,0.418438861156843,0.418438861156843
lcl|NC_001144.5_cds_NP_013447.1_3984,0.377622425556183,-0.423031687736511,4.34252844511921e-05,3.95194878460359e-05,0.377579003572464,0.377579003572464,-0.422992163966523,-0.422992163966523
lcl|NC_001144.5_cds_NP_013455.1_3991,0.32169970870018,-0.492637068033218,4.07101551003984e-05,3.27524794313581e-05,0.321658998727798,0.321658998727798,-0.492604294277106,-0.492604294277106
lcl|NC_001144.5_cds_NP_013480.1_4016,0.271245986223221,-0.566572189331055,2.4022938803132e-05,2.61094453863583e-05,0.271270006895065,0.271270006895065,-0.566598221572153,-0.566598221572153
lcl|NC_001144.5_cds_NP_013485.1_4020,0.214952811598778,-0.667623102664948,1.58106964279228e-05,6.57451626873933e-05,0.214937001466751,0.214937001466751,-0.667688814152272,-0.667688814152272
lcl|NC_001144.5_cds_NP_013544.1_4078,0.723502695560455,-0.140614435076714,6.67041189397072e-05,1.45431874149e-05,0.723435997962952,0.723435997962952,-0.140599884670752,-0.140599884670752
lcl|NC_001144.5_cds_NP_013545.3_4079,0.187986612319946,-0.725962281227112,8.61325182764984e-06,6.93255605752279e-05,0.187977999448776,0.187977999448776,-0.725892976678371,-0.725892976678371
lcl|NC_001145.3_cds_NP_013585.1_4115,0.250262886285782,-0.601564526557922,1.31127128171811e-05,1.62737523340244e-05,0.250275999307632,0.250275999307632,-0.601580795889282,-0.601580795889282
lcl|NC_001145.3_cds_NP_013586.1_4116,1.3955112695694,0.144742861390114,2.87312347096985e-05,5.66272438664462e-07,1.39553999900818,1.39553999900818,0.144742288764157,0.144742288764157
lcl|NC_001145.3_cds_NP_013646.1_4170,0.305094867944717,-0.515622675418854,2.98627114894854e-05,1.50802654734739e-05,0.305065006017685,0.305065006017685,-0.515607607385613,-0.515607607385613
lcl|NC_001145.3_cds_NP_013658.1_4182,1.5207052230835,0.182040631771088,5.48372065326053e-05,2.0073442543733e-05,1.52076005935669,1.52076005935669,0.182060697867923,0.182060697867923
lcl|NC_001145.3_cds_NP_013667.1_4191,0.155632078647614,-0.808004915714264,9.07580495781447e-06,7.87394869818633e-05,0.155623003840446,0.155623003840446,-0.80792620617313,-0.80792620617313
lcl|NC_001145.3_cds_NP_013671.1_4196,0.160195112228394,-0.795379161834717,1.88950741509221e-05,7.96353019853975e-05,0.160214006900787,0.160214006900787,-0.795299517878493,-0.795299517878493
lcl|NC_001145.3_cds_NP_013713.1_4236,0.748148739337921,-0.125979512929916,3.82679139925117e-05,1.03270936546375e-05,0.748187005519867,0.748187005519867,-0.125989838880428,-0.125989838880428
lcl|NC_001145.3_cds_NP_013733.1_4257,0.393979579210281,-0.40455549955368,5.55816228835915e-05,3.20697292373882e-05,0.393923997879028,0.393923997879028,-0.404587561133042,-0.404587561133042
lcl|NC_001145.3_cds_NP_013747.1_4271,0.603037059307098,-0.219619408249855,3.79696748321717e-05,9.23968200639848e-06,0.60307502746582,0.60307502746582,-0.219628654713159,-0.219628654713159
lcl|NC_001145.3_cds_NP_013752.1_4276,0.777960419654846,-0.108994618058205,0.000111582533735625,1.44017824627556e-05,0.778071999549866,0.778071999549866,-0.108980213343975,-0.108980213343975
lcl|NC_001145.3_cds_NP_013770.1_4292,0.838979005813599,-0.0762162506580353,7.49814822966776e-05,6.15478698864868e-06,0.839053988456726,0.839053988456726,-0.0762100938381794,-0.0762100938381794
lcl|NC_001145.3_cds_NP_013774.1_4295,1.55493259429932,0.191770806908607,0.000177384033718006,9.70049570833183e-06,1.55510997772217,1.55510997772217,0.191761107850917,0.191761107850917
lcl|NC_001145.3_cds_NP_013797.1_4317,1.3747102022171,0.138172820210457,0.000170237861993407,1.54378951560662e-05,1.37453997135162,1.37453997135162,0.138157373561109,0.138157373561109
lcl|NC_001145.3_cds_NP_013805.1_4324,0.143910050392151,-0.841892957687378,1.90446138481425e-05,7.34321543205181e-05,0.143891006708145,0.143891006708145,-0.841966348933998,-0.841966348933998
lcl|NC_001145.3_cds_NP_013812.1_4331,0.148715779185295,-0.82762998342514,1.12207976220648e-05,1.97886459874911e-05,0.148726999759674,0.148726999759674,-0.827610182908946,-0.827610182908946
lcl|NC_001145.3_cds_NP_013814.1_4333,1.10839700698853,0.0446798913180828,2.70611487483073e-05,4.85024785416592e-06,1.1083699464798,1.1083699464798,0.0446847413478898,0.0446847413478898
lcl|NC_001145.3_cds_NP_013826.1_4346,2.25266242027283,0.352769017219543,0.000237492296805844,2.71202986132536e-05,2.25289988517761,2.25289988517761,0.352741892886291,0.352741892886291
lcl|NC_001145.3_cds_NP_013866.1_4385,2.53722810745239,0.404346913099289,0.000141869967054936,3.68661955590661e-05,2.53736996650696,2.53736996650696,0.404383795049148,0.404383795049148
lcl|NC_001145.3_cds_NP_013869.1_4388,1.2083386182785,0.0822332799434662,0.000151399429110657,9.79031415977356e-06,1.20849001407623,1.20849001407623,0.0822430661218184,0.0822430661218184
lcl|NC_001145.3_cds_NP_013891.1_4407,0.225608453154564,-0.64652293920517,2.2548077732982e-05,7.83225132781885e-05,0.22563099861145,0.22563099861145,-0.64660123447117,-0.64660123447117
lcl|NC_001145.3_cds_NP_013918.1_4434,0.907845199108124,-0.041991613805294,1.19215251139484e-06,2.8462269255752e-06,0.907844007015228,0.907844007015228,-0.041988769003776,-0.041988769003776
lcl|NC_001145.3_cds_NP_013928.1_4443,0.240504488348961,-0.618781566619873,3.35153716311362e-05,3.47521180651777e-05,0.240538001060486,0.240538001060486,-0.618816302462068,-0.618816302462068
lcl|NC_001145.3_cds_NP_013940.1_4455,0.186125740408897,-0.730331838130951,1.47372672543246e-05,0.000103890729135028,0.186111003160477,0.186111003160477,-0.730227949971778,-0.730227949971778
lcl|NC_001145.3_cds_NP_013950.1_4465,0.502926707267761,-0.298520177602768,2.27099770887274e-05,5.24547099887741e-06,0.502903997898102,0.502903997898102,-0.298514911887159,-0.298514911887159
lcl|NC_001145.3_cds_NP_013953.1_4468,1.54908549785614,0.19015434384346,0.000214463218829848,1.88349063878545e-05,1.54929995536804,1.54929995536804,0.190135508365953,0.190135508365953
lcl|NC_001145.3_cds_NP_013955.1_4470,0.288656681776047,-0.539559602737427,2.13090141463362e-05,2.67042164839058e-05,0.288677990436554,0.288677990436554,-0.539586326601898,-0.539586326601898
lcl|NC_001145.3_cds_NP_013964.1_4480,0.730501353740692,-0.13634392619133,7.16497354394489e-05,7.54013273673693e-06,0.730572998523712,0.730572998523712,-0.136336383053278,-0.136336383053278
lcl|NC_001145.3_cds_NP_013967.1_4483,0.276277840137482,-0.558635771274567,2.1846020907813e-05,5.2515290359752e-05,0.276255995035172,0.276255995035172,-0.558688288574007,-0.558688288574007
lcl|NC_001145.3_cds_NP_013999.1_4516,2.12819027900696,0.327953457832336,0.00012016023639155,3.248639741184e-05,2.12807011604309,2.12807011604309,0.327985933072705,0.327985933072705
lcl|NC_001145.3_cds_NP_014011.1_4529,0.281426459550858,-0.550642728805542,1.46029523576275e-06,5.36445958342659e-06,0.281424999237061,0.281424999237061,-0.550637326416294,-0.550637326416294
lcl|NC_001145.3_cds_NP_014015.1_4533,0.43138125538826,-0.365178763866425,4.26184973627848e-06,3.57357589841257e-05,0.431376993656158,0.431376993656158,-0.365143020556168,-0.365143020556168
lcl|NC_001145.3_cds_NP_014016.1_4534,0.187866181135178,-0.726101696491241,1.17718164924091e-06,5.23942118740202e-05,0.187865003943443,0.187865003943443,-0.726154114044141,-0.726154114044141
lcl|NC_001145.3_cds_NP_014017.1_4535,1.62895536422729,0.211921066045761,0.000114693326831537,1.8701323886998e-05,1.62907004356384,1.62907004356384,0.211939757653691,0.211939757653691
lcl|NC_001145.3_cds_NP_014021.1_4538,0.163904115557671,-0.785524785518646,1.61082655270354e-05,7.19481979906129e-05,0.16388800740242,0.16388800740242,-0.785452825011007,-0.785452825011007
lcl|NC_001145.3_cds_NP_014030.1_4546,0.403073251247406,-0.394591391086578,1.42463420325478e-05,3.99983113046063e-05,0.403059005737305,0.403059005737305,-0.394631370756474,-0.394631370756474
lcl|NC_001145.3_cds_NP_014039.1_4553,1.08721268177032,0.0363382361829281,5.73466634157685e-05,8.19544551073816e-07,1.0872700214386,1.0872700214386,0.0363374136887133,0.0363374136887133
lcl|NC_001145.3_cds_NP_014040.1_4554,2.42378759384155,0.384505271911621,0.000177628381819927,4.25594654983516e-05,2.42360997200012,2.42360997200012,0.384462730743009,0.384462730743009
lcl|NC_001145.3_cds_NP_014043.1_4557,0.7738938331604,-0.111370883882046,7.98156270556487e-05,7.48079175318388e-06,0.773814022541046,0.773814022541046,-0.11136340454884,-0.11136340454884
lcl|NC_001145.3_cds_NP_014055.1_4569,0.602052867412567,-0.220350861549377,1.71072875025365e-05,2.175538436836e-06,0.602069973945618,0.602069973945618,-0.220353031113548,-0.220353031113548
lcl|NC_001146.8_cds_NP_014064.1_4574,0.38401997089386,-0.415719091892242,3.19788779109387e-05,3.67495445134825e-05,0.383987993001938,0.383987993001938,-0.415682355461973,-0.415682355461973
lcl|NC_001146.8_cds_NP_014109.1_4615,0.392086803913116,-0.406679749488831,1.48132157875888e-05,4.55722239833081e-05,0.39207199215889,0.39207199215889,-0.40663418061561,-0.40663418061561
lcl|NC_001146.8_cds_NP_014117.1_4624,0.153727009892464,-0.813105463981628,1.69876489038261e-05,9.63872578593436e-05,0.153743997216225,0.153743997216225,-0.813201831824171,-0.813201831824171
lcl|NC_001146.8_cds_NP_014138.1_4644,0.583007156848907,-0.23435366153717,1.11472594318985e-05,1.92527190647194e-05,0.582996010780334,0.582996010780334,-0.234334416942556,-0.234334416942556
lcl|NC_001146.8_cds_NP_014160.2_4666,2.21624636650085,0.345644414424896,1.64505858555027e-05,2.95960273122287e-05,2.2162299156189,2.2162299156189,0.345614812872749,0.345614812872749
lcl|NC_001146.8_cds_NP_014178.1_4681,0.258549481630325,-0.587410390377045,1.25171206439623e-05,2.49768543822521e-05,0.258561998605728,0.258561998605728,-0.587435303928077,-0.587435303928077
lcl|NC_001146.8_cds_NP_014199.1_4700,0.424549162387848,-0.372070580720901,4.17253384509848e-06,5.69245385115041e-06,0.424544990062714,0.424544990062714,-0.372076279741239,-0.372076279741239
lcl|NC_001146.8_cds_NP_014221.3_4720,9.32027816772461,0.969397664070129,0.000298531182844493,1.72858335137749e-05,9.31997966766357,9.31997966766357,0.969414964904288,0.969414964904288
lcl|NC_001146.8_cds_NP_014222.2_4721,0.274486720561981,-0.561512410640717,7.27159370745e-06,4.52405020891593e-05,0.274493992328644,0.274493992328644,-0.56146715623054,-0.56146715623054
lcl|NC_001146.8_cds_NP_014231.1_4727,0.909178018569946,-0.0413589887320995,2.4022938803132e-05,3.56158550813696e-06,0.909153997898102,0.909153997898102,-0.0413625471710492,-0.0413625471710492
lcl|NC_001146.8_cds_NP_014307.1_4803,0.158051252365112,-0.801261842250824,4.24691222595654e-06,4.81038841606643e-05,0.158047005534172,0.158047005534172,-0.801213728184447,-0.801213728184447
lcl|NC_001146.8_cds_NP_014337.3_4833,0.672860860824585,-0.172031134366989,4.81609886695315e-05,1.25171206439623e-05,0.672909021377563,0.672909021377563,-0.172043649274674,-0.172043649274674
lcl|NC_001146.8_cds_NP_014338.3_4834,1.80971801280975,0.257641226053238,9.20329975783846e-05,8.22529292775136e-06,1.80981004238129,1.80981004238129,0.257632993722819,0.257632993722819
lcl|NC_001146.8_cds_NP_014346.1_4843,1.32616829872131,0.122596822679043,2.82535555253852e-05,7.43603053978401e-06,1.32614004611969,1.32614004611969,0.122589389864672,0.122589389864672
lcl|NC_001146.8_cds_NP_014353.1_4850,1.6008208990097,0.204369097948074,0.000149133280911809,1.41128801496116e-05,1.60097002983093,1.60097002983093,0.204383201999952,0.204383201999952
lcl|NC_001146.8_cds_NP_014393.1_4888,0.602206945419312,-0.220216602087021,3.6064441294639e-05,1.1638152108639e-05,0.602243006229401,0.602243006229401,-0.220228234706315,-0.220228234706315
lcl|NC_001146.8_cds_NP_014396.3_4891,1.37086033821106,0.136962935328484,9.03608282352772e-05,1.6540536699169e-06,1.37076997756958,1.37076997756958,0.136964583999259,0.136964583999259
lcl|NC_001146.8_cds_NP_014400.1_4895,0.499849766492844,-0.301108121871948,2.12192594262062e-05,3.39474583623446e-05,0.499870985746384,0.499870985746384,-0.301142070480717,-0.301142070480717
lcl|NC_001146.8_cds_NP_014404.3_4898,0.257075518369675,-0.589886009693146,1.15041246972981e-05,7.27262068105206e-05,0.257064014673233,0.257064014673233,-0.589958714188173,-0.589958714188173
lcl|NC_001146.8_cds_NP_014413.1_4907,2.86520147323608,0.457083165645599,0.00016141032450383,4.75347812832832e-05,2.86504006385803,2.86504006385803,0.457130699389207,0.457130699389207
lcl|NC_001146.8_cds_NP_014448.1_4941,2.80515027046204,0.447976917028427,0.000239621628918812,1.63035873284401e-05,2.80538988113403,2.80538988113403,0.447993226183501,0.447993226183501
lcl|NC_001147.6_cds_NP_014499.2_4996,0.398440450429916,-0.399646252393723,1.35601493066268e-05,2.44673674995671e-05,0.398454010486603,0.398454010486603,-0.399621797591557,-0.399621797591557
lcl|NC_001147.6_cds_NP_014502.1_4999,3.42533755302429,0.534667313098907,0.000367657219515132,1.05503904384773e-05,3.42496991157532,3.42496991157532,0.534656760560063,0.534656760560063
lcl|NC_001147.6_cds_NP_014506.1_5003,0.165290415287018,-0.781737744808197,1.05804812720026e-05,1.32324293593352e-05,0.165300995111465,0.165300995111465,-0.781724531969282,-0.781724531969282
lcl|NC_001147.6_cds_NP_014547.1_5044,0.832912087440491,-0.0794252380728722,5.7107198961267e-05,5.37217618990945e-06,0.832854986190796,0.832854986190796,-0.079430609853278,-0.079430609853278
lcl|NC_001147.6_cds_NP_014577.1_5074,1.17941689491272,0.0716541782021523,4.68532389593113e-05,4.08302332193587e-06,1.17937004566193,1.17937004566193,0.0716500931137072,0.0716500931137072
lcl|NC_001147.6_cds_NP_014621.1_5115,1.10642790794373,0.043905932456255,5.79383093359387e-05,5.55088693187273e-06,1.106369972229,1.106369972229,0.0439003801596272,0.0439003801596272
lcl|NC_001147.6_cds_NP_014633.1_5128,0.813111126422882,-0.0897837430238724,0.000114862944736007,5.01445678869046e-06,0.813225984573364,0.813225984573364,-0.0897887530338346,-0.0897887530338346
lcl|NC_001147.6_cds_NP_014664.1_5160,1.24611008167267,0.0955810472369194,6.9980031893761e-05,2.45881451349937e-07,1.24618005752563,1.24618005752563,0.0955807970103238,0.0955807970103238
lcl|NC_001147.6_cds_NP_014706.1_5199,11.140661239624,1.0468807220459,0.000438697652260843,4.73275165836184e-05,11.1410999298096,11.1410999298096,1.0469280696407,1.0469280696407
lcl|NC_001147.6_cds_NP_014719.1_5213,0.265891253948212,-0.575206160545349,2.57504946247288e-05,4.7744485476117e-05,0.265917003154755,0.265917003154755,-0.575253892302899,-0.575253892302899
lcl|NC_001147.6_cds_NP_014728.1_5221,1.23931968212128,0.0932048559188843,9.03608282352772e-05,1.0155172443198e-05,1.23941004276276,1.23941004276276,0.0932150108541455,0.0932150108541455
lcl|NC_001147.6_cds_NP_014732.1_5224,0.64598822593689,-0.189812749624252,3.4214575005073e-05,1.43366658539421e-05,0.645954012870789,0.645954012870789,-0.189798399446659,-0.189798399446659
lcl|NC_001147.6_cds_NP_014759.1_5250,1.45805931091309,0.16381062567234,7.06978082547874e-05,1.43806131243015e-05,1.45813000202179,1.45813000202179,0.16379624595985,0.16379624595985
lcl|NC_001147.6_cds_NP_014760.3_5251,1.30078220367432,0.114206455647945,1.77639685674937e-05,4.06843808350609e-06,1.30079996585846,1.30079996585846,0.114210516851252,0.114210516851252
lcl|NC_001147.6_cds_NP_014765.3_5255,3.71487069129944,0.569958031177521,0.00020935177569192,1.0193493675336e-05,3.71508002281189,3.71508002281189,0.569968172899106,0.569968172899106
lcl|NC_001147.6_cds_NP_014769.3_5259,0.344183593988419,-0.463206797838211,1.05804812720026e-05,1.63925912720547e-05,0.344173014163971,0.344173014163971,-0.463223184732243,-0.463223184732243
lcl|NC_001147.6_cds_NP_014776.1_5266,10.0234460830688,1.00098240375519,0.000153546475998678,4.13668875842947e-05,10.0235996246338,10.0235996246338,1.00102371118992,1.00102371118992
lcl|NC_001147.6_cds_NP_014788.1_5278,0.998924493789673,-0.000521842041052878,0.000125480702724346,4.77878271475921e-08,0.998799026012421,0.998799026012421,-0.000521889826534259,-0.000521889826534259
lcl|NC_001147.6_cds_NP_014794.3_5283,1.72977423667908,0.238037079572678,0.000185725748983515,1.02816161596892e-06,1.7299599647522,1.7299599647522,0.238036052673079,0.238036052673079
lcl|NC_001147.6_cds_NP_014850.1_5338,1.65629625320435,0.219151049852371,0.000103713965946931,1.415710941694e-05,1.65639996528625,1.65639996528625,0.219165212728681,0.219165212728681
lcl|NC_001147.6_cds_NP_014852.1_5340,1.37693607807159,0.138905301690102,7.60589629149299e-05,1.55130275731696e-05,1.37686002254486,1.37686002254486,0.138889790274054,0.138889790274054
lcl|NC_001147.6_cds_NP_014853.3_5341,3.39834189414978,0.531247735023499,0.000261790073228752,1.41267777626926e-05,3.39808011054993,3.39808011054993,0.53123361324982,0.53123361324982
lcl|NC_001147.6_cds_NP_014894.3_5378,0.834989368915558,-0.0782890841364861,7.16497354394489e-05,7.29456478819448e-06,0.835061013698578,0.835061013698578,-0.0782817916486675,-0.0782817916486675
lcl|NC_001147.6_cds_NP_014896.3_5380,0.76659494638443,-0.11546578258276,3.59420208961772e-05,1.13699381303579e-05,0.76655900478363,0.76655900478363,-0.115454410326018,-0.115454410326018
lcl|NC_001147.6_cds_NP_014897.1_5381,1.11912274360657,0.0488570258021355,6.27112177752264e-05,3.635796853725e-06,1.11906003952026,1.11906003952026,0.0488533878088273,0.0488533878088273
lcl|NC_001147.6_cds_NP_014968.1_5448,1.8899792432785,0.276453375816345,7.08129049530602e-05,1.99381671301884e-05,1.8900500535965,1.8900500535965,0.276473305608649,0.276473305608649
lcl|NC_001147.6_cds_NP_014977.3_5455,2.02537894248962,0.306462734937668,8.89365666341373e-05,2.44993036023518e-05,2.02529001235962,2.02529001235962,0.306487221007105,0.306487221007105
lcl|NC_001147.6_cds_NP_014986.3_5463,2.25652408599854,0.35346257686615,7.58195008540995e-05,8.01743230934704e-06,2.25659990310669,2.25659990310669,0.353454565158418,0.353454565158418
lcl|NC_001147.6_cds_NP_015036.3_5513,0.527340829372406,-0.277916640043259,2.48580590870589e-05,1.24290295435295e-05,0.527315974235535,0.527315974235535,-0.277929072178372,-0.277929072178372
lcl|NC_001148.4_cds_NP_015043.1_5521,0.527985274791718,-0.277348071336746,1.87178240697462e-05,1.4723583943631e-05,0.528003990650177,0.528003990650177,-0.277362795059367,-0.277362795059367
lcl|NC_001148.4_cds_NP_015061.1_5537,2.17387366294861,0.337231397628784,0.000176445021564308,3.81488803646347e-05,2.17405009269714,2.17405009269714,0.337269546526412,0.337269546526412
lcl|NC_001148.4_cds_NP_015084.1_5561,4.82804298400879,0.683705270290375,0.000372896947377279,3.23090112955035e-05,4.82767009735107,4.82767009735107,0.683737584582875,0.683737584582875
lcl|NC_001148.4_cds_NP_015089.1_5565,1.26954984664917,0.103685781359673,8.01126477194333e-05,8.62064533287797e-06,1.26962995529175,1.26962995529175,0.103677160489418,0.103677160489418
lcl|NC_001148.4_cds_NP_015093.1_5569,3.78084754943848,0.577596008777618,0.000417483799059102,5.47829857740063e-05,3.78043007850647,3.78043007850647,0.57754120991586,0.57754120991586
lcl|NC_001148.4_cds_NP_015099.1_5575,1.77951812744141,0.250342518091202,0.000211851602547431,1.16234131715269e-05,1.77972996234894,1.77972996234894,0.250354111995175,0.250354111995175
lcl|NC_001148.4_cds_NP_015107.1_5583,1.16697204113007,0.0670341700315475,7.20045479647193e-05,5.1408080798446e-07,1.16690003871918,1.16690003871918,0.067033654252687,0.067033654252687
lcl|NC_001148.4_cds_NP_015113.1_5589,1.08433473110199,0.0351866260170937,5.53158761498877e-05,1.10274108658979e-06,1.08439004421234,1.08439004421234,0.0351855216680466,0.0351855216680466
lcl|NC_001148.4_cds_NP_015152.1_5625,0.447087198495865,-0.349605739116669,2.18171154823502e-05,1.91636616572179e-05,0.447109013795853,0.447109013795853,-0.349586574591061,-0.349586574591061
lcl|NC_001148.4_cds_NP_015154.1_5627,1.35080921649933,0.130614638328552,5.07883099682378e-05,4.29174905921039e-06,1.35085999965668,1.35085999965668,0.130610341970124,0.130610341970124
lcl|NC_001148.4_cds_NP_015171.1_5644,3.18125748634338,0.502591371536255,0.000167383129931924,1.53783521061692e-05,3.18109011650085,3.18109011650085,0.502575972327951,0.502575972327951
lcl|NC_001148.4_cds_NP_015173.1_5647,0.247966140508652,-0.60559469461441,3.14424114962557e-06,1.84193248393784e-05,0.24796299636364,0.24796299636364,-0.605613124311382,-0.605613124311382
lcl|NC_001148.4_cds_NP_015180.1_5654,1.90040373802185,0.278830975294113,9.6321977339063e-05,3.6925836620058e-05,1.90050005912781,1.90050005912781,0.278867887450767,0.278867887450767
lcl|NC_001148.4_cds_NP_015181.1_5655,0.143351554870605,-0.843653976917267,7.45100922580937e-06,7.89747204290532e-05,0.143359005451202,0.143359005451202,-0.843575020576433,-0.843575020576433
lcl|NC_001148.4_cds_NP_015190.1_5662,0.816865742206573,-0.0878897830843925,6.9744050443662e-05,3.38264359353841e-06,0.816796004772186,0.816796004772186,-0.0878863951983706,-0.0878863951983706
lcl|NC_001148.4_cds_NP_015219.1_5691,4.82936859130859,0.683964967727661,0.000281364292287746,4.92978541414236e-05,4.82964992523193,4.82964992523193,0.683915652273251,0.683915652273251
lcl|NC_001148.4_cds_NP_015232.1_5704,3.14853930473328,0.498093992471695,0.000230793748775484,4.69733977241245e-05,3.14877009391785,3.14877009391785,0.498140951970972,0.498140951970972
lcl|NC_001148.4_cds_NP_015234.1_5706,1.48164880275726,0.170774534344673,7.11677087407659e-05,8.38945920762642e-06,1.48171997070312,1.48171997070312,0.170766134365531,0.170766134365531
lcl|NC_001148.4_cds_NP_015244.1_5716,4.8075795173645,0.681989133358002,8.96449894338329e-05,7.0755514949698e-05,4.80748987197876,4.80748987197876,0.681918377975859,0.681918377975859
lcl|NC_001148.4_cds_NP_015256.1_5727,0.490674704313278,-0.309261739253998,4.77181460271978e-05,1.3172965201649e-05,0.490626990795135,0.490626990795135,-0.309248563689856,-0.309248563689856
lcl|NC_001148.4_cds_NP_015294.1_5765,0.681982696056366,-0.166268572211266,8.86920168590029e-05,1.45586351435549e-05,0.68189400434494,0.68189400434494,-0.166283128137791,-0.166283128137791
lcl|NC_001148.4_cds_NP_015297.1_5768,3.17237877845764,0.501462459564209,0.000451360343293271,1.56175810409819e-05,3.17283010482788,3.17283010482788,0.50144681760587,0.50144681760587
lcl|NC_001148.4_cds_NP_015307.1_5777,0.20690780878067,-0.684193432331085,1.80307616230847e-06,3.34390739460584e-05,0.206906005740166,0.206906005740166,-0.684226903138233,-0.684226903138233
lcl|NC_001148.4_cds_NP_015310.1_5780,0.351389467716217,-0.454114496707916,5.05436426964094e-05,3.43064166002258e-05,0.351440012454987,0.351440012454987,-0.454148794351398,-0.454148794351398
lcl|NC_001148.4_cds_NP_015323.1_5793,0.185668975114822,-0.731316983699799,1.02816161596892e-06,5.87121748766811e-05,0.185670003294945,0.185670003294945,-0.731258254880429,-0.731258254880429
lcl|NC_001148.4_cds_NP_015335.1_5804,1.70697557926178,0.232179343700409,0.000145566001705793,1.09382135888983e-05,1.70683002471924,1.70683002471924,0.232190273896201,0.232190273896201
lcl|NC_001148.4_cds_NP_015357.1_5826,0.434394299983978,-0.362064629793167,3.06974770761595e-05,2.05656161652615e-05,0.434424996376038,0.434424996376038,-0.362085193833898,-0.362085193833898
lcl|NC_001148.4_cds_NP_015359.1_5828,0.2607182264328,-0.583944201469421,3.62414360745255e-05,5.51996214597487e-05,0.260681986808777,0.260681986808777,-0.583888977653421,-0.583888977653421
lcl|NC_001148.4_cds_NP_015380.1_5846,0.456977337598801,-0.340143859386444,5.43337879780658e-05,1.31127128171811e-05,0.456923007965088,0.456923007965088,-0.340156972868571,-0.340156972868571
lcl|NC_001148.4_cds_NP_015399.1_5864,4.74736261367798,0.676410377025604,0.000297561263627965,6.92667619574414e-05,4.7476601600647,4.7476601600647,0.676479624374632,0.676479624374632
lcl|NC_001148.4_cds_NP_015419.1_5879,0.279048234224319,-0.55433714389801,1.624319870592e-05,8.88198428374687e-06,0.279031991958618,0.279031991958618,-0.554346000545149,-0.554346000545149
lcl|NC_001148.4_cds_NP_015457.1_5914,9.64116191864014,0.984278202056885,0.000818327760520074,0.000111939990518669,9.64198017120361,9.64198017120361,0.984166234018414,0.984166234018414
lcl|NC_001148.4_cds_NP_015463.1_5919,0.555972635746002,-0.254979401826859,5.86539290371767e-05,1.29939930569319e-05,0.555913984775543,0.555913984775543,-0.254992400553175,-0.254992400553175
lcl|NC_001148.4_cds_NP_015486.1_5947,2.0240695476532,0.306214839220047,1.04909419977548e-05,1.2845261740226e-05,2.02408003807068,2.02408003807068,0.306227681786917,0.306227681786917
lcl|NC_001148.4_cds_NP_015493.1_5954,0.533203065395355,-0.273119330406189,2.08626692254924e-06,1.02828080826308e-05,0.533200979232788,0.533200979232788,-0.273109061668145,-0.273109061668145
lcl|NC_001148.4_cds_NP_015501.2_5962,0.50931704044342,-0.292969018220901,4.49435696170795e-05,4.47029306053442e-06,0.509361982345581,0.509361982345581,-0.292973472944608,-0.292973472944608
lcl|NC_001148.4_cds_NP_015507.1_5967,1.87889587879181,0.273907601833344,6.59287660227828e-05,2.01184701792511e-05,1.87882995605469,1.87882995605469,0.273887475955291,0.273887475955291
lcl|NC_001148.4_cds_NP_015515.1_5975,0.487629383802414,-0.311932802200317,6.61621467966758e-06,2.85535994806335e-05,0.487635999917984,0.487635999917984,-0.311904239910503,-0.311904239910503
lcl|NC_001148.4_cds_NP_015516.1_5976,0.715340256690979,-0.145472913980484,4.0773974701344e-05,1.03270936546375e-05,0.715381026268005,0.715381026268005,-0.145462582633206,-0.145462582633206
