GeneID,Mean,Mean.log10,Std.Dev,log10.Std.Dev,0.025,0.975,log10.0.025,log10.0.975
lcl|NC_001133.9_cds_NP_009347.1_17,2.05537080764771,0.3128761947155,2.90895914173854e-05,2.01480740721032e-05,2.05539989471436,2.05539989471436,0.312896329945439,0.312896329945439
lcl|NC_001133.9_cds_NP_009364.1_34,2.01211476325989,0.303677529096603,6.53317957535779e-05,1.06703655909432e-05,2.01218008995056,2.01218008995056,0.303666847443375,0.303666847443375
lcl|NC_001133.9_cds_NP_009369.1_38,0.144042894244194,-0.841534376144409,8.94159100803965e-07,2.34870486595903e-05,0.144042000174522,0.144042000174522,-0.841510856623671,-0.841510856623671
lcl|NC_001133.9_cds_NP_009382.2_51,0.0805126801133156,-1.09419322013855,8.19645848374467e-07,6.19935228217878e-05,0.0805134996771812,0.0805134996771812,-1.09413129548592,-1.09413129548592
lcl|NC_001133.9_cds_NP_009409.1_77,1.71200346946716,0.233520433306694,5.65121268329239e-05,1.44550782019711e-06,1.71205997467041,1.71205997467041,0.233518974250125,0.233518974250125
lcl|NC_001134.8_cds_NP_009453.2_109,4.58272075653076,0.661133766174316,0.000209350485962849,9.47792410710664e-06,4.58293008804321,4.58293008804321,0.661143232193807,0.661143232193807
lcl|NC_001134.8_cds_NP_009454.1_110,0.723078727722168,-0.140830218791962,3.77327208458346e-05,6.85502636584705e-06,0.723040997982025,0.723040997982025,-0.140837076574685,-0.140837076574685
lcl|NC_001134.8_cds_NP_009481.1_132,8.62118625640869,0.935557126998901,0.000353852088990818,2.7719873846368e-05,8.62154006958008,8.62154006958008,0.935584850973076,0.935584850973076
lcl|NC_001134.8_cds_NP_009498.1_149,0.34164559841156,-0.466445952653885,1.06103023497882e-05,8.28569718895272e-06,0.34163498878479,0.34163498878479,-0.466437657134055,-0.466437657134055
lcl|NC_001134.8_cds_NP_009508.1_158,2.57130861282349,0.410158157348633,0.000101337270268017,1.31743041387567e-05,2.5714099407196,2.5714099407196,0.41017131849439,0.41017131849439
lcl|NC_001134.8_cds_NP_009512.1_162,0.886984884738922,-0.0520814955234528,1.13260154895762e-06,1.732492115398e-06,0.886986017227173,0.886986017227173,-0.0520832264917752,-0.0520832264917752
lcl|NC_001134.8_cds_NP_009515.1_166,0.723563969135284,-0.140558674931526,4.69740973191805e-05,7.42159243582946e-06,0.723517000675201,0.723517000675201,-0.140551259689817,-0.140551259689817
lcl|NC_001134.8_cds_NP_009530.1_182,1.01139032840729,0.00492287473753095,9.65655930330488e-06,6.79909862607914e-08,1.01139998435974,1.01139998435974,0.00492294258060901,0.00492294258060901
lcl|NC_001134.8_cds_NP_009535.1_187,0.633301794528961,-0.198376268148422,1.01933738682764e-05,6.03567908184421e-06,0.633311986923218,0.633311986923218,-0.198382291847398,-0.198382291847398
lcl|NC_001134.8_cds_NP_009537.1_189,0.253866285085678,-0.595438241958618,4.29196368385903e-06,3.58852185099666e-05,0.253861993551254,0.253861993551254,-0.595402313803262,-0.595402313803262
lcl|NC_001134.8_cds_NP_009539.2_191,0.116842932999134,-0.932405889034271,6.70619325602973e-08,8.58392736771806e-06,0.116843000054359,0.116843000054359,-0.93239730063441,-0.93239730063441
lcl|NC_001134.8_cds_NP_009554.1_206,1.46643805503845,0.166277602314949,7.20082668808981e-05,7.43646817185969e-06,1.46651005744934,1.46651005744934,0.166285045754875,0.166285045754875
lcl|NC_001134.8_cds_NP_009565.1_217,6.15624237060547,0.78930675983429,9.25125004926149e-05,2.44403487799535e-06,6.15614986419678,6.15614986419678,0.789309183674301,0.789309183674301
lcl|NC_001134.8_cds_NP_009575.1_226,1.2643176317215,0.101875223219395,7.23697993415623e-05,5.82711618467838e-06,1.26438999176025,1.26438999176025,0.101881049536652,0.101881049536652
lcl|NC_001134.8_cds_NP_009576.1_227,1.2823805809021,0.108037672936916,6.93861910651228e-05,2.75695424846413e-06,1.28244996070862,1.28244996070862,0.108040428589241,0.108040428589241
lcl|NC_001134.8_cds_NP_009590.1_241,2.1055588722229,0.323373466730118,0.000111113397858716,1.68401631539485e-05,2.10566997528076,2.10566997528076,0.323390304576977,0.323390304576977
lcl|NC_001134.8_cds_NP_009591.1_242,1.69335901737213,0.228756487369537,9.06081239166099e-06,9.76149823831029e-06,1.69334995746613,1.69334995746613,0.22874672118652,0.22874672118652
lcl|NC_001134.8_cds_NP_009595.1_246,2.71508312225342,0.4338159263134,0.000116840171207234,1.40982601147678e-05,2.71519994735718,2.71519994735718,0.433801816553415,0.433801816553415
lcl|NC_001134.8_cds_NP_009602.1_253,0.672104239463806,-0.172589600086212,2.62286671479829e-05,9.28427510385999e-06,0.672078013420105,0.672078013420105,-0.172580312018521,-0.172580312018521
lcl|NC_001134.8_cds_NP_009604.1_255,8.18601608276367,0.91308319568634,0.00012589760315689,1.7286730264683e-05,8.18589019775391,8.18589019775391,0.913065914896424,0.913065914896424
lcl|NC_001134.8_cds_NP_009633.3_284,0.370695829391479,-0.43101704120636,1.68401631539485e-05,1.50215807844116e-05,0.37067899107933,0.37067899107933,-0.43100202771976,-0.43100202771976
lcl|NC_001134.8_cds_NP_009638.1_289,2.76344013214111,0.441413342952728,9.01326048244363e-05,2.25621135898999e-05,2.76335000991821,2.76335000991821,0.441435896769189,0.441435896769189
lcl|NC_001134.8_cds_NP_009655.2_306,0.392668396234512,-0.406005829572678,2.84049640400231e-05,3.57663640321586e-07,0.392639994621277,0.392639994621277,-0.406005464902432,-0.406005464902432
lcl|NC_001134.8_cds_NP_009660.1_309,0.461939543485641,-0.335412412881851,2.34563814034034e-05,1.96125089137345e-05,0.461962997913361,0.461962997913361,-0.335392808958171,-0.335392808958171
lcl|NC_001134.8_cds_NP_009665.3_314,0.237548753619194,-0.624263763427734,1.75850380504321e-06,1.3293041124781e-05,0.237546995282173,0.237546995282173,-0.624250458575127,-0.624250458575127
lcl|NC_001134.8_cds_NP_009676.1_324,11.4294109344482,1.05806040763855,0.000611365652111707,5.98507805897822e-05,11.4287996292114,11.4287996292114,1.0580006186905,1.0580006186905
lcl|NC_001134.8_cds_NP_009685.3_333,3.50481557846069,0.544676542282104,1.43065456128634e-05,9.59714641363887e-06,3.50482988357544,3.50482988357544,0.544666943153623,0.544666943153623
lcl|NC_001134.8_cds_NP_009711.3_358,0.130638778209686,-0.883958995342255,3.21897283025751e-06,4.17873954402971e-05,0.130641996860504,0.130641996860504,-0.883917190037537,-0.883917190037537
lcl|NC_001134.8_cds_NP_009713.1_360,1.00469303131104,0.00202341354452074,2.30094134750296e-05,3.09688637922546e-08,1.00467002391815,1.00467002391815,0.00202344451975839,0.00202344451975839
lcl|NC_001134.8_cds_NP_009723.3_370,1.2659558057785,0.102388270199299,7.58233928568531e-05,4.26956401153233e-06,1.26587998867035,1.26587998867035,0.102392534489569,0.102392534489569
lcl|NC_001134.8_cds_NP_009726.3_373,0.364992290735245,-0.437721282243729,1.07004507323632e-05,1.77048817849455e-05,0.365002989768982,0.365002989768982,-0.437703578187763,-0.437703578187763
lcl|NC_001134.8_cds_NP_009740.3_385,11.0792121887207,1.04447853565216,0.000488330083785534,4.94766641449686e-05,11.0797004699707,11.0797004699707,1.04452801977894,1.04452801977894
lcl|NC_001134.8_cds_NP_009761.4_410,0.991851091384888,-0.00356224435381591,2.00888433853009e-05,7.54418695570694e-08,0.991831004619598,0.991831004619598,-0.00356231979491599,-0.00356231979491599
lcl|NC_001134.8_cds_NP_009772.1_420,0.262975811958313,-0.580078482627869,1.78831820160793e-07,5.42437063007596e-06,0.262975990772247,0.262975990772247,-0.580083899993511,-0.580083899993511
lcl|NC_001134.8_cds_NP_009782.3_431,0.150394842028618,-0.822753608226776,7.15327280643172e-06,7.21269380457322e-06,0.150401994585991,0.150401994585991,-0.822746404223462,-0.822746404223462
lcl|NC_001134.8_cds_NP_009807.3_455,0.835268974304199,-0.0781480148434639,5.00139800424195e-05,3.65114975699016e-07,0.835318982601166,0.835318982601166,-0.0781476491517082,-0.0781476491517082
lcl|NC_001134.8_cds_NP_009808.1_456,4.7780122756958,0.679255545139313,0.000277544764260491,1.69288504385762e-05,4.77828979492188,4.77828979492188,0.679272485413628,0.679272485413628
lcl|NC_001134.8_cds_NP_009811.3_459,1.37365174293518,0.137883991003036,4.82854326547537e-05,7.91349170400204e-06,1.37370002269745,1.37370002269745,0.137891905423145,0.137891905423145
lcl|NC_001134.8_cds_NP_009816.1_465,0.279042184352875,-0.554370045661926,1.41869419063567e-05,1.78240328536324e-05,0.279027998447418,0.279027998447418,-0.554352216220551,-0.554352216220551
lcl|NC_001135.5_cds_NP_009877.1_526,1.75485610961914,0.24422350525856,6.61663709015555e-05,1.62433997765631e-06,1.75478994846344,1.75478994846344,0.244225138076556,0.244225138076556
lcl|NC_001135.5_cds_NP_009899.1_547,0.448087006807327,-0.34863954782486,1.09983907662992e-05,8.76258797703298e-06,0.448076009750366,0.448076009750366,-0.34864830784314,-0.34864830784314
lcl|NC_001135.5_cds_NP_009904.2_553,2.04656338691711,0.311033099889755,3.33819400520476e-06,8.61368362205034e-06,2.04656004905701,2.04656004905701,0.311024492001811,0.311024492001811
lcl|NC_001135.5_cds_NP_009913.2_561,0.249257549643517,-0.603349506855011,1.05509274292859e-05,2.05663334708388e-05,0.249246999621391,0.249246999621391,-0.603370060922891,-0.603370060922891
lcl|NC_001135.5_cds_NP_009958.2_606,2.49389910697937,0.396858066320419,1.90753939888128e-05,1.74958749662566e-05,2.49388003349304,2.49388003349304,0.396875558186188,0.396875558186188
lcl|NC_001135.5_cds_NP_009964.2_612,0.479835540056229,-0.318886339664459,4.4706353127127e-06,1.71976347153071e-05,0.479840010404587,0.479840010404587,-0.318903542167545,-0.318903542167545
lcl|NC_001135.5_cds_NP_009975.1_623,0.421113342046738,-0.375616639852524,2.53343175670043e-05,1.04914668195101e-05,0.421088010072708,0.421088010072708,-0.375627124367895,-0.375627124367895
lcl|NC_001135.5_cds_NP_009982.1_629,3.62372231483459,0.559149146080017,8.22653338833554e-05,4.05352135207902e-06,3.6236400604248,3.6236400604248,0.55914505226781,0.55914505226781
lcl|NC_001135.5_cds_NP_009985.1_632,0.560217976570129,-0.251661658287048,1.69889159211954e-05,5.51390849692826e-06,0.560200989246368,0.560200989246368,-0.251656128600884,-0.251656128600884
lcl|NC_001135.5_cds_NP_878058.1_646,0.493068695068359,-0.307097911834717,1.69890226759586e-06,3.84479196886576e-06,0.493066996335983,0.493066996335983,-0.307094066194998,-0.307094066194998
lcl|NC_001136.10_cds_NP_010037.1_682,5.32034826278687,0.726005375385284,0.000171678548647735,5.13260239017079e-05,5.32051992416382,5.32051992416382,0.725954073866916,0.725954073866916
lcl|NC_001136.10_cds_NP_010080.1_723,1.08736729621887,0.036361675709486,3.73174331973285e-05,3.12955685281388e-07,1.08732998371124,1.08732998371124,0.0363613641017333,0.0363613641017333
lcl|NC_001136.10_cds_NP_010116.1_756,0.334960967302322,-0.474998980760574,2.98053029654257e-08,6.76599408726259e-06,0.334960997104645,0.334960997104645,-0.47500575931649,-0.47500575931649
lcl|NC_001136.10_cds_NP_010138.1_775,1.74207806587219,0.241046726703644,9.81212668858071e-05,3.57663640321586e-06,1.74197995662689,1.74197995662689,0.241043153670256,0.241043153670256
lcl|NC_001136.10_cds_NP_010141.1_778,1.64443242549896,0.215997487306595,8.23803011491254e-05,3.20403797467531e-06,1.64435005187988,1.64435005187988,0.21599427635302,0.21599427635302
lcl|NC_001136.10_cds_NP_010144.1_781,3.65696096420288,0.56314480304718,9.06081239166099e-06,2.3367358444737e-05,3.65697002410889,3.65697002410889,0.563121400475464,0.563121400475464
lcl|NC_001136.10_cds_NP_010172.1_808,0.291138380765915,-0.53588879108429,6.61658200150414e-06,1.90753938978724e-06,0.291144996881485,0.291144996881485,-0.535890668531853,-0.535890668531853
lcl|NC_001136.10_cds_NP_010179.1_815,0.217894822359085,-0.661793291568756,3.82995399796795e-06,3.25471840244865e-05,0.217890992760658,0.217890992760658,-0.661760722370521,-0.661760722370521
lcl|NC_001136.10_cds_NP_010181.2_817,1.02714908123016,0.0116121880710125,4.91175591466525e-05,5.28122800371536e-07,1.02709996700287,1.02709996700287,0.0116127152670605,0.0116127152670605
lcl|NC_001136.10_cds_NP_010183.1_819,2.79562997817993,0.446447849273682,0.000109924515783047,1.47834304927016e-05,2.79552006721497,2.79552006721497,0.446462614122664,0.446462614122664
lcl|NC_001136.10_cds_NP_010200.1_835,9.3307409286499,0.969893932342529,0.000241305846986865,1.09683516716747e-05,9.33049964904785,9.33049964904785,0.96990490087557,0.96990490087557
lcl|NC_001136.10_cds_NP_010205.1_840,0.99579393863678,-0.00182956387288868,2.0863712727402e-06,4.79663663541529e-08,0.995796024799347,0.995796024799347,-0.00182961175322246,-0.00182961175322246
lcl|NC_001136.10_cds_NP_010217.1_850,2.6819212436676,0.428466647863388,0.000108729745126135,3.0102365522526e-06,2.68202996253967,2.68202996253967,0.428463625302664,0.428463625302664
lcl|NC_001136.10_cds_NP_010219.1_852,0.906955540180206,-0.0424148850142956,3.45741523855561e-06,2.53717115343565e-06,0.906958997249603,0.906958997249603,-0.0424123465350083,-0.0424123465350083
lcl|NC_001136.10_cds_NP_010223.1_855,1.08887588977814,0.0369873717427254,2.40818924180208e-05,6.14725724838224e-07,1.08889997005463,1.08889997005463,0.0369879858635589,0.0369879858635589
lcl|NC_001136.10_cds_NP_010262.1_888,4.15157318115234,0.618169069290161,0.000203158188874628,2.2354084875559e-05,4.15137004852295,4.15137004852295,0.618191447632575,0.618191447632575
lcl|NC_001136.10_cds_NP_010277.1_902,0.842821598052979,-0.074246771633625,4.14303976416533e-05,3.77773068296539e-06,0.842863023281097,0.842863023281097,-0.074242998408153,-0.074242998408153
lcl|NC_001136.10_cds_NP_010285.1_910,4.1835823059082,0.621565759181976,8.25009945334187e-05,2.5989439642501e-05,4.18349981307983,4.18349981307983,0.621539753917309,0.621539753917309
lcl|NC_001136.10_cds_NP_010292.1_917,0.431669473648071,-0.364835947751999,2.85246049814678e-05,1.5975194142567e-05,0.431697994470596,0.431697994470596,-0.364819968930891,-0.364819968930891
lcl|NC_001136.10_cds_NP_010308.3_932,7.46872425079346,0.87326180934906,0.000164048388039851,2.49169705748583e-05,7.46856021881104,7.46856021881104,0.873236887050617,0.873236887050617
lcl|NC_001136.10_cds_NP_010315.1_939,3.14043378829956,0.49698868393898,6.3900776570268e-05,7.86860019730564e-06,3.14036989212036,3.14036989212036,0.496980804966747,0.496980804966747
lcl|NC_001136.10_cds_NP_010329.1_955,4.23650789260864,0.627016723155975,0.000232248502149982,1.50816154366791e-05,4.23674011230469,4.23674011230469,0.627031824573646,0.627031824573646
lcl|NC_001136.10_cds_NP_010377.3_1002,0.434819877147675,-0.361692160367966,1.11175969884712e-05,1.26671587835022e-05,0.434830993413925,0.434830993413925,-0.361679508309459,-0.361679508309459
lcl|NC_001136.10_cds_NP_010386.1_1011,1.77932322025299,0.250256448984146,6.67638807276863e-05,1.46943630761172e-05,1.77938997745514,1.77938997745514,0.250271140043539,0.250271140043539
lcl|NC_001136.10_cds_NP_010439.1_1061,5.63085174560547,0.750541388988495,8.15469909462115e-05,2.64069230726166e-05,5.63077020645142,5.63077020645142,0.750567804004746,0.750567804004746
lcl|NC_001136.10_cds_NP_010449.1_1071,0.806943535804749,-0.0931379720568657,4.14874567088048e-05,3.45008444623766e-06,0.806985020637512,0.806985020637512,-0.0931345266346186,-0.0931345266346186
lcl|NC_001136.10_cds_NP_010458.3_1081,0.108802355825901,-0.96337628364563,6.4081401578067e-07,1.71678547354361e-05,0.108802996575832,0.108802996575832,-0.963359143439058,-0.963359143439058
lcl|NC_001136.10_cds_NP_010475.1_1098,1.17448401451111,0.0698632970452309,4.60188269500591e-05,8.27072750188017e-07,1.17453002929688,1.17453002929688,0.0698641248949866,0.0698641248949866
lcl|NC_001136.10_cds_NP_010476.1_1099,1.31994545459747,0.120569124817848,4.45893439844008e-05,1.53492372333289e-06,1.31999003887177,1.31999003887177,0.12057065387301,0.12057065387301
lcl|NC_001136.10_cds_NP_010480.1_1102,1.25830328464508,0.0997928529977798,2.67055520416381e-05,1.69890226759586e-06,1.25832998752594,1.25832998752594,0.0997945464898199,0.0997945464898199
lcl|NC_001136.10_cds_NP_010523.3_1146,0.908870100975037,-0.0414994768798351,8.94159100803965e-07,1.71757055911012e-06,0.908870995044708,0.908870995044708,-0.0414977560697844,-0.0414977560697844
lcl|NC_001136.10_cds_NP_010526.1_1149,0.185975104570389,-0.730520308017731,4.90312722843362e-06,1.34122629821285e-05,0.185980007052422,0.185980007052422,-0.730533740155728,-0.730533740155728
lcl|NC_001136.10_cds_NP_010540.3_1162,0.094962477684021,-1.02246332168579,6.87768145474772e-06,1.60945035653053e-05,0.09495560079813,0.09495560079813,-1.02247941403402,-1.02247941403402
lcl|NC_001136.10_cds_NP_010542.1_1164,0.834292888641357,-0.0786512866616249,5.60939661115727e-05,9.76100869947491e-07,0.834348976612091,0.834348976612091,-0.0786522624115339,-0.0786522624115339
lcl|NC_001136.10_cds_NP_010553.3_1179,0.238727644085884,-0.622075021266937,1.35609265751899e-06,1.97899847249081e-05,0.238729000091553,0.238729000091553,-0.622094820981813,-0.622094820981813
lcl|NC_001136.10_cds_NP_010566.1_1190,0.3422572016716,-0.465662121772766,9.21006964300194e-06,3.04014088923914e-06,0.342247992753983,0.342247992753983,-0.465659090274836,-0.465659090274836
lcl|NC_001136.10_cds_NP_010587.1_1210,0.683665990829468,-0.165142208337784,4.0000159861269e-05,1.15941214744587e-05,0.683705985546112,0.683705985546112,-0.16513061802556,-0.16513061802556
lcl|NC_001136.10_cds_NP_010608.1_1234,0.670414626598358,-0.173644945025444,2.03867477365529e-05,1.63929169674893e-06,0.670435011386871,0.670435011386871,-0.173643314104672,-0.173643314104672
lcl|NC_001136.10_cds_NP_010640.1_1264,2.69507241249084,0.430549651384354,0.00010252921518961,4.26207136126113e-06,2.69496989250183,2.69496989250183,0.430553917725594,0.430553917725594
lcl|NC_001136.10_cds_NP_010666.2_1291,0.573420882225037,-0.241526201367378,4.1130043475017e-06,2.81664390076363e-06,0.573424994945526,0.573424994945526,-0.241523380572771,-0.241523380572771
lcl|NC_001136.10_cds_NP_010673.1_1300,9.905930519104,0.995895385742188,0.000590366744670552,2.5989439642501e-05,9.90534019470215,9.90534019470215,0.995869395790242,0.995869395790242
lcl|NC_001136.10_cds_NP_010682.3_1309,1.72946500778198,0.237904563546181,6.49773912002266e-05,9.09057052411635e-06,1.72940003871918,1.72940003871918,0.237895464362933,0.237895464362933
lcl|NC_001136.10_cds_NP_010687.3_1313,2.31638479232788,0.364778250455856,9.48989900542275e-05,1.46638324298804e-05,2.3162899017334,2.3162899017334,0.3647929137963,0.3647929137963
lcl|NC_001136.10_cds_NP_010692.3_1317,0.609926044940948,-0.214720755815506,1.19815957701826e-05,6.45306657844515e-06,0.609938025474548,0.609938025474548,-0.214714290500338,-0.214714290500338
lcl|NC_001136.10_cds_NP_010707.3_1330,0.130305558443069,-0.885039150714874,3.56170459352695e-06,9.77613951198138e-06,0.130301997065544,0.130301997065544,-0.88504892804874,-0.88504892804874
lcl|NC_001136.10_cds_NP_010712.1_1335,0.65715491771698,-0.182356983423233,2.69432166172879e-05,6.94458736616977e-06,0.657127976417542,0.657127976417542,-0.182350042861041,-0.182350042861041
lcl|NC_001136.10_cds_NP_010723.1_1343,0.236378341913223,-0.62640380859375,6.55716676219381e-07,1.26973868046643e-05,0.236378997564316,0.236378997564316,-0.626391113438525,-0.626391113438525
lcl|NC_001136.10_cds_NP_010741.1_1359,2.0651376247406,0.314943760633469,2.2413587937629e-05,9.9548145992627e-06,2.06516003608704,2.06516003608704,0.314953712213454,0.314953712213454
lcl|NC_001136.10_cds_NP_010759.1_1376,4.98388338088989,0.697526633739471,0.000113495535250854,3.13557770726815e-05,4.98376989364624,4.98376989364624,0.697557982241265,0.697557982241265
lcl|NC_001136.10_cds_NP_010761.3_1378,0.176313728094101,-0.753712832927704,8.7331845474028e-06,2.25331512061091e-05,0.176304996013641,0.176304996013641,-0.753735380778311,-0.753735380778311
lcl|NC_001136.10_cds_NP_010828.1_1440,0.829282701015472,-0.0813275128602982,5.2697216555027e-05,2.52598565134977e-06,0.829230010509491,0.829230010509491,-0.0813249888227215,-0.0813249888227215
lcl|NC_001137.3_cds_NP_010858.3_1466,0.448087066411972,-0.348635047674179,9.06081239166099e-06,1.13256214141562e-05,0.448078006505966,0.448078006505966,-0.348646372506305,-0.348646372506305
lcl|NC_001137.3_cds_NP_010863.1_1471,2.44532799720764,0.388331413269043,5.1978879285002e-05,1.49326401745157e-05,2.44537997245789,2.44537997245789,0.388346351034427,0.388346351034427
lcl|NC_001137.3_cds_NP_010880.3_1487,10.8713150024414,1.03628718852997,0.000285184525658119,6.31872436191719e-06,10.871600151062,10.871600151062,1.0362934710073,1.0362934710073
lcl|NC_001137.3_cds_NP_010882.1_1489,1.25289785861969,0.0979002863168716,4.78091420385953e-05,1.1922121243008e-06,1.25285005569458,1.25285005569458,0.0978990966277138,0.0978990966277138
lcl|NC_001137.3_cds_NP_010893.3_1500,1.182257771492,0.0727207437157631,1.22793897866631e-05,4.05352135207902e-06,1.18227005004883,1.18227005004883,0.0727166879247077,0.0727166879247077
lcl|NC_001137.3_cds_NP_010914.3_1521,1.05145013332367,0.021797152236104,1.99096291985254e-05,2.49612408477609e-07,1.05147004127502,1.05147004127502,0.0217969031808802,0.0217969031808802
lcl|NC_001137.3_cds_NP_010925.1_1532,2.84954261779785,0.454746037721634,0.000142592262829059,7.39171524635082e-06,2.84940004348755,2.84940004348755,0.454753426593865,0.454753426593865
lcl|NC_001137.3_cds_NP_010926.3_1533,0.256723582744598,-0.59055507183075,9.41812698453153e-06,3.67187909260506e-05,0.256733000278473,0.256733000278473,-0.590518303834593,-0.590518303834593
lcl|NC_001137.3_cds_NP_010928.1_1535,1.29690623283386,0.112921521067619,5.3767998507337e-05,5.05952215408213e-06,1.29695999622345,1.29695999622345,0.112926580797,0.112926580797
lcl|NC_001137.3_cds_NP_010929.3_1536,0.248341158032417,-0.604963779449463,7.83894426817038e-06,2.61688107453561e-05,0.248348996043205,0.248348996043205,-0.604937591311107,-0.604937591311107
lcl|NC_001137.3_cds_NP_010939.1_1547,0.46763613820076,-0.330078184604645,1.287589132103e-05,1.78831820160793e-06,0.467649012804031,0.467649012804031,-0.330079978102935,-0.330079978102935
lcl|NC_001137.3_cds_NP_010942.1_1550,2.86133193969727,0.456563532352448,3.81507879776256e-05,1.04914668195101e-05,2.86137008666992,2.86137008666992,0.456574032640641,0.456574032640641
lcl|NC_001137.3_cds_NP_010946.3_1554,0.207090705633163,-0.683838844299316,4.70906349226577e-06,1.04317048715306e-05,0.207085996866226,0.207085996866226,-0.683849267061822,-0.683849267061822
lcl|NC_001137.3_cds_NP_010948.1_1556,0.952794313430786,-0.0210135672241449,3.03414189842563e-05,1.1065551115591e-06,0.952763974666595,0.952763974666595,-0.0210146724943108,-0.0210146724943108
lcl|NC_001137.3_cds_NP_010960.1_1569,0.627381563186646,-0.202465236186981,2.56325606312268e-06,4.79857320681944e-06,0.62737900018692,0.62737900018692,-0.202470022226695,-0.202470022226695
lcl|NC_001137.3_cds_NP_010969.1_1578,1.94783163070679,0.289542675018311,7.16532000700571e-05,7.24280914040072e-06,1.94775998592377,1.94775998592377,0.289535439600631,0.289535439600631
lcl|NC_001137.3_cds_NP_010978.3_1588,2.36262345314026,0.373412668704987,7.65396632556513e-05,4.08323723459862e-06,2.36269998550415,2.36269998550415,0.373408578631073,0.373408578631073
lcl|NC_001137.3_cds_NP_010990.1_1599,0.828109860420227,-0.0819379016757011,4.48877738037686e-05,2.31743608893012e-06,0.828064978122711,0.828064978122711,-0.0819355828613594,-0.0819355828613594
lcl|NC_001137.3_cds_NP_010994.3_1603,0.298308312892914,-0.525367200374603,1.31143335243876e-06,3.06396319837436e-05,0.298307001590729,0.298307001590729,-0.52533655315308,-0.52533655315308
lcl|NC_001137.3_cds_NP_010997.3_1606,11.3682565689087,1.05567526817322,0.000543645309478252,3.93424463896464e-05,11.368800163269,11.368800163269,1.05571463267653,1.05571463267653
lcl|NC_001137.3_cds_NP_011020.3_1630,1.07564806938171,0.0316558890044689,3.80313877613043e-05,1.03948674365416e-06,1.07561004161835,1.07561004161835,0.0316548480316292,0.0316548480316292
lcl|NC_001137.3_cds_NP_011021.3_1631,1.05322027206421,0.0225122012197971,2.02668556431995e-05,1.3468498681061e-06,1.05320000648499,1.05320000648499,0.0225108531081602,0.0225108531081602
lcl|NC_001137.3_cds_NP_011028.1_1637,7.83438682556152,0.894031763076782,6.67638807276863e-05,3.04011891511198e-05,7.83432006835938,7.83432006835938,0.894001310520858,0.894001310520858
lcl|NC_001137.3_cds_NP_011037.3_1646,1.61706399917603,0.208691745996475,0.000113974546992862,4.85818455744499e-06,1.61695003509521,1.61695003509521,0.208696600105722,0.208696600105722
lcl|NC_001137.3_cds_NP_011052.1_1660,2.20934104919434,0.344267249107361,7.89262674775629e-05,1.10278169938565e-05,2.20941996574402,2.20941996574402,0.344278274255282,0.344278274255282
lcl|NC_001137.3_cds_NP_011062.1_1670,1.45748686790466,0.16357809305191,6.68852360087252e-05,6.6315841335776e-06,1.45741999149323,1.45741999149323,0.163584722465874,0.163584722465874
lcl|NC_001137.3_cds_NP_011073.1_1683,0.422474265098572,-0.374236136674881,1.82709185995079e-05,1.76154683831746e-05,0.422455996274948,0.422455996274948,-0.374218521200048,-0.374218521200048
lcl|NC_001137.3_cds_NP_011075.3_1685,0.968458473682404,-0.0139125473797321,1.45447957086927e-05,7.17163885274426e-08,0.968473017215729,0.968473017215729,-0.0139124747255199,-0.0139124747255199
lcl|NC_001137.3_cds_NP_011090.3_1701,0.178287863731384,-0.748832523822784,9.13545929975396e-06,2.34269464788376e-05,0.178296998143196,0.178296998143196,-0.748855968663232,-0.748855968663232
lcl|NC_001137.3_cds_NP_011091.1_1702,0.802489459514618,-0.0955728739500046,9.47792410710664e-06,7.07863999143492e-06,0.802479982376099,0.802479982376099,-0.0955657921343417,-0.0955657921343417
lcl|NC_001137.3_cds_NP_011092.1_1703,4.43550395965576,0.646954536437988,0.000164048388039851,2.76593219084449e-05,4.43533992767334,4.43533992767334,0.646926910087801,0.646926910087801
lcl|NC_001137.3_cds_NP_011099.1_1710,0.29418095946312,-0.531417667865753,1.19522855096488e-05,1.46050214009042e-05,0.294169008731842,0.294169008731842,-0.531403082953515,-0.531403082953515
lcl|NC_001137.3_cds_NP_011102.3_1713,0.479652881622314,-0.319084316492081,1.19221211861703e-07,1.1475004395575e-05,0.479653000831604,0.479653000831604,-0.319072834128376,-0.319072834128376
lcl|NC_001138.5_cds_NP_116597.1_1742,5.56456995010376,0.74541574716568,0.000239874455277269,3.4573460529366e-05,5.56480979919434,5.56480979919434,0.745450325081869,0.745450325081869
lcl|NC_001138.5_cds_NP_116615.1_1760,1.25992381572723,0.100372195243835,7.61822649347933e-05,1.64678801734459e-06,1.25999999046326,1.25999999046326,0.100370541830456,0.100370541830456
lcl|NC_001138.5_cds_NP_116635.1_1780,1.88313126564026,0.274866074323654,7.12961314145297e-05,1.90753938978724e-06,1.88305997848511,1.88305997848511,0.274864153213834,0.274864153213834
lcl|NC_001138.5_cds_NP_116637.1_1782,0.38156720995903,-0.418450981378555,6.19950316108894e-06,1.49626951474456e-05,0.381561011075974,0.381561011075974,-0.41843600907183,-0.41843600907183
lcl|NC_001138.5_cds_NP_116650.1_1794,1.40760111808777,0.148457556962967,5.11469914869484e-05,6.27389570504486e-06,1.40754997730255,1.40754997730255,0.148463824114063,0.148463824114063
lcl|NC_001138.5_cds_NP_116659.1_1804,1.24267387390137,0.0943541303277016,1.38296609542224e-05,1.79575493861779e-06,1.24266004562378,1.24266004562378,0.0943523349949657,0.0943523349949657
lcl|NC_001138.5_cds_NP_116660.1_1805,0.151310041546822,-0.820083200931549,3.96401456540859e-06,3.76725079381261e-05,0.151314005255699,0.151314005255699,-0.820120872877191,-0.820120872877191
lcl|NC_001138.5_cds_NP_116662.1_1807,0.54445081949234,-0.264035820960999,1.52005945755599e-05,6.58715206937837e-06,0.544466018676758,0.544466018676758,-0.264029220337405,-0.264029220337405
lcl|NC_001138.5_cds_NP_116665.1_1810,1.4173675775528,0.151472568511963,4.75706752674974e-05,4.63487217786025e-06,1.41732001304626,1.41732001304626,0.151467919555147,0.151467919555147
lcl|NC_001138.5_cds_NP_116701.3_1847,0.206066995859146,-0.685980439186096,1.00000399653172e-05,9.9548145992627e-06,0.206076994538307,0.206076994538307,-0.685970488098168,-0.685970488098168
lcl|NC_001138.5_cds_NP_116702.1_1848,2.76005506515503,0.440925061702728,0.00018502500098523,2.17875589631347e-05,2.76024007797241,2.76024007797241,0.440946857429056,0.440946857429056
lcl|NC_001138.5_cds_NP_602317.3_1851,1.4044326543808,0.147522285580635,7.73764515083137e-05,2.56325606312268e-06,1.40451002120972,1.40451002120972,0.147524842249278,0.147524842249278
lcl|NC_001138.5_cds_NP_116708.1_1854,0.670166313648224,-0.173823639750481,6.67638801040952e-06,1.05509274292859e-05,0.670172989368439,0.670172989368439,-0.173813079939468,-0.173813079939468
lcl|NC_001138.5_cds_NP_116711.3_1857,4.29552412033081,0.633041739463806,7.58233928568531e-05,1.78825412508508e-05,4.29559993743896,4.29559993743896,0.633023827381181,0.633023827381181
lcl|NC_001139.9_cds_NP_011261.1_1872,6.10885763168335,0.785901606082916,0.000377680127135932,3.15342265685417e-05,6.10847997665405,6.10847997665405,0.785933154615966,0.785933154615966
lcl|NC_001139.9_cds_NP_011266.1_1877,0.183410376310349,-0.736573278903961,3.38299704363129e-06,1.08487412601519e-05,0.183406993746758,0.183406993746758,-0.73658410766429,-0.73658410766429
lcl|NC_001139.9_cds_NP_011274.2_1885,0.216674566268921,-0.664232492446899,3.56170459352695e-06,3.33223283650795e-05,0.216671004891396,0.216671004891396,-0.664199202469733,-0.664199202469733
lcl|NC_001139.9_cds_NP_011302.1_1909,0.805116653442383,-0.0941705107688904,4.56615735637835e-05,4.68692228723821e-06,0.805070996284485,0.805070996284485,-0.0941658190917472,-0.0941658190917472
lcl|NC_001139.9_cds_NP_011305.1_1912,0.662593841552734,-0.178768679499626,1.68702616421267e-05,5.02221084632521e-06,0.662576973438263,0.662576973438263,-0.178763661243778,-0.178763661243778
lcl|NC_001139.9_cds_NP_011359.1_1963,0.885434091091156,-0.0528557375073433,2.11018548585719e-05,1.62813979239397e-06,0.885412991046906,0.885412991046906,-0.0528541102105762,-0.0528541102105762
lcl|NC_001139.9_cds_NP_011367.1_1970,2.84982085227966,0.454833537340164,5.91337219708066e-05,6.94458736616977e-06,2.84987998008728,2.84987998008728,0.454826570505572,0.454826570505572
lcl|NC_001139.9_cds_NP_011368.3_1971,8.683518409729,0.938678979873657,0.000288033067523592,2.32481368540835e-06,8.68323040008545,8.68323040008545,0.938681324707836,0.938681324707836
lcl|NC_001139.9_cds_NP_011378.1_1981,1.37940347194672,0.139709115028381,4.64971556068953e-05,3.1593621809586e-06,1.37944996356964,1.37944996356964,0.139705952049922,0.139705952049922
lcl|NC_001139.9_cds_NP_011385.3_1987,0.44556200504303,-0.351074695587158,1.29947198212505e-05,4.50051668005613e-06,0.445574998855591,0.445574998855591,-0.351079185347049,-0.351079185347049
lcl|NC_001139.9_cds_NP_011392.1_1994,8.97628974914551,0.953114330768585,0.000309982492294769,3.24886956001133e-05,8.97597980499268,8.97597980499268,0.953081866796432,0.953081866796432
lcl|NC_001139.9_cds_NP_011395.1_1997,1.44095051288605,0.158672869205475,5.94917453748776e-05,5.87176216489757e-06,1.44100999832153,1.44100999832153,0.158666994138629,0.158666994138629
lcl|NC_001139.9_cds_NP_011400.1_2002,0.755612134933472,-0.121705330908298,1.31143335739915e-05,3.28612416146928e-06,0.755599021911621,0.755599021911621,-0.121708612924186,-0.121708612924186
lcl|NC_001139.9_cds_NP_011404.1_2006,0.261795371770859,-0.58203536272049,6.37813815713826e-06,1.3293041124781e-05,0.261788994073868,0.261788994073868,-0.582048615667083,-0.582048615667083
lcl|NC_001139.9_cds_NP_011415.1_2015,0.562276780605316,-0.250012457370758,2.72417446047474e-05,1.63632230357403e-05,0.562304019927979,0.562304019927979,-0.250028811695473,-0.250028811695473
lcl|NC_001139.9_cds_NP_011418.1_2018,1.45201230049133,0.161940798163414,9.22757772768533e-05,1.90753938978724e-06,1.45192003250122,1.45192003250122,0.161942697355926,0.161942697355926
lcl|NC_001139.9_cds_NP_011421.1_2021,0.47645765542984,-0.321992337703705,1.46638324298804e-05,3.27858339349787e-06,0.476442992687225,0.476442992687225,-0.321989056080168,-0.321989056080168
lcl|NC_001139.9_cds_NP_011457.1_2054,1.09828186035156,0.040711410343647,1.90753938978724e-06,1.64678801734459e-06,1.09827995300293,1.09827995300293,0.0407130564595525,0.0407130564595525
lcl|NC_001139.9_cds_NP_011467.1_2063,1.62893664836884,0.211917534470558,8.33353777897785e-05,8.88181084846064e-06,1.62901997566223,1.62901997566223,0.2119264098252,0.2119264098252
lcl|NC_001139.9_cds_NP_011475.1_2070,1.57958781719208,0.198544159531593,2.77783494646791e-05,8.01762357722457e-06,1.57956004142761,1.57956004142761,0.198536138734428,0.198536138734428
lcl|NC_001139.9_cds_NP_011478.3_2073,2.57203221321106,0.410277724266052,1.21605635569566e-05,3.36790207716099e-06,2.57202005386353,2.57202005386353,0.410274350429602,0.410274350429602
lcl|NC_001139.9_cds_NP_011488.1_2083,0.751217305660248,-0.124247170984745,1.93131186066098e-05,1.58717335058303e-06,0.751197993755341,0.751197993755341,-0.124245580622335,-0.124245580622335
lcl|NC_001139.9_cds_NP_011504.3_2098,1.05210268497467,0.022062124684453,7.27239785434636e-06,9.94780144142454e-07,1.05210995674133,1.05210995674133,0.0220611306072077,0.0220611306072077
lcl|NC_001139.9_cds_NP_011511.3_2107,0.205642700195312,-0.686826705932617,1.33079998555355e-05,3.1891230062286e-05,0.205656006932259,0.205656006932259,-0.686858600818393,-0.686858600818393
lcl|NC_001139.9_cds_NP_011519.3_2115,1.09229457378387,0.0383555814623833,3.54097635698911e-05,1.72504222311883e-06,1.09232997894287,1.09232997894287,0.0383538530079944,0.0383538530079944
lcl|NC_001139.9_cds_NP_011538.3_2132,0.235279321670532,-0.628418207168579,3.32326028119524e-06,4.1727425454804e-06,0.235275998711586,0.235275998711586,-0.628422374391225,-0.628422374391225
lcl|NC_001139.9_cds_NP_011544.1_2140,0.571028113365173,-0.243359446525574,2.11018548585719e-05,8.64353809638902e-07,0.571007013320923,0.571007013320923,-0.243358557554727,-0.243358557554727
lcl|NC_001139.9_cds_NP_011548.2_2145,8.41805839538574,0.925252258777618,0.000291848189008264,2.52748974476688e-05,8.41835021972656,8.41835021972656,0.925226989282146,0.925226989282146
lcl|NC_001139.9_cds_NP_011588.3_2184,0.607096672058105,-0.216752901673317,2.66458762903554e-05,8.30096457286995e-06,0.607070028781891,0.607070028781891,-0.216761207838541,-0.216761207838541
lcl|NC_001139.9_cds_NP_011604.3_2200,1.13899290561676,0.0565049089491367,4.29196371619338e-05,2.53345084504939e-07,1.13894999027252,1.13894999027252,0.0565046552244008,0.0565046552244008
lcl|NC_001139.9_cds_NP_011609.2_2205,0.378635704517365,-0.421780169010162,1.37100527316941e-05,1.40088951005126e-05,0.378621995449066,0.378621995449066,-0.421794159984789,-0.421794159984789
lcl|NC_001139.9_cds_NP_011618.3_2214,0.274655491113663,-0.56125807762146,1.04914668195101e-05,2.98045556155561e-05,0.274645000696182,0.274645000696182,-0.561228301939626,-0.561228301939626
lcl|NC_001139.9_cds_NP_011631.1_2225,1.34085762500763,0.127404808998108,8.23803011491254e-05,4.54528526205818e-06,1.34093999862671,1.34093999862671,0.127409345451661,0.127409345451661
lcl|NC_001139.9_cds_NP_011651.3_2245,1.03144371509552,0.0134656568989158,4.62562502463075e-05,6.48241511075075e-07,1.03148996829987,1.03148996829987,0.0134650086221148,0.0134650086221148
lcl|NC_001139.9_cds_NP_011674.3_2266,0.603692531585693,-0.219192817807198,2.1519660404905e-05,6.87028223644047e-06,0.603671014308929,0.603671014308929,-0.219199676602879,-0.219199676602879
lcl|NC_001139.9_cds_NP_011679.3_2275,0.250375598669052,-0.60138463973999,7.39171524635082e-06,1.06103023497882e-05,0.250382989645004,0.250382989645004,-0.601395179272502,-0.601395179272502
lcl|NC_001139.9_cds_NP_011702.1_2298,0.642559587955475,-0.19212244451046,3.36196797620232e-05,1.31294605025473e-05,0.642525970935822,0.642525970935822,-0.192109313434544,-0.192109313434544
lcl|NC_001139.9_cds_NP_011708.3_2303,15.7843313217163,1.19824159145355,0.000168814838868575,1.07299092904835e-05,15.7845001220703,15.7845001220703,1.19823083281271,1.19823083281271
lcl|NC_001139.9_cds_NP_011711.3_2306,0.670092344284058,-0.173889175057411,3.73752269505006e-05,3.87468947568059e-07,0.670054972171783,0.670054972171783,-0.173889565759613,-0.173889565759613
lcl|NC_001139.9_cds_NP_011716.3_2311,0.923512399196625,-0.0345656797289848,1.93739057684231e-05,7.00424623050906e-07,0.923493027687073,0.923493027687073,-0.0345663791067513,-0.0345663791067513
lcl|NC_001139.9_cds_NP_011721.3_2317,0.592853784561157,-0.227040454745293,2.31882429489173e-05,5.02221084632521e-06,0.592876970767975,0.592876970767975,-0.227035418709907,-0.227035418709907
lcl|NC_001139.9_cds_NP_011736.1_2331,0.699476361274719,-0.155212491750717,2.06252486333547e-05,1.66909700260238e-06,0.699496984481812,0.699496984481812,-0.155214153403365,-0.155214153403365
lcl|NC_001139.9_cds_NP_011750.1_2343,1.90957283973694,0.280925661325455,1.287589132103e-05,7.63015755914897e-06,1.90955996513367,1.90955996513367,0.280933300896167,0.280933300896167
lcl|NC_001139.9_cds_NP_011769.1_2362,0.822261989116669,-0.0849988162517548,2.30094134750296e-05,3.12205831904321e-06,0.822238981723785,0.822238981723785,-0.0850019374970212,-0.0850019374970212
lcl|NC_001139.9_cds_NP_011803.3_2393,1.97353279590607,0.295206248760223,0.000122796338555723,1.10871805477688e-05,1.97341001033783,1.97341001033783,0.295217326878082,0.295217326878082
lcl|NC_001140.6_cds_NP_011848.1_2436,9.87372016906738,0.994466304779053,0.000499763645413116,7.45113890388903e-06,9.87322044372559,9.87322044372559,0.994458833805771,0.994458833805771
lcl|NC_001140.6_cds_NP_011872.1_2463,1.91115736961365,0.281327694654465,7.26082592653646e-05,1.47538987654071e-05,1.91122996807098,1.91122996807098,0.281312946529297,0.281312946529297
lcl|NC_001140.6_cds_NP_011874.1_2465,8.24883079528809,0.916451930999756,0.000128756028522442,5.2753665317362e-05,8.2489595413208,8.2489595413208,0.916399173524568,0.916399173524568
lcl|NC_001140.6_cds_NP_011877.1_2468,1.00931453704834,0.00403770338743925,2.5512552628553e-05,1.97924355992221e-07,1.0093400478363,1.0093400478363,0.00403750520535687,0.00403750520535687
lcl|NC_001140.6_cds_NP_011889.1_2481,0.677002251148224,-0.169415414333344,5.72261824514537e-06,9.19481265010019e-06,0.677007973194122,0.677007973194122,-0.169406216552935,-0.169406216552935
lcl|NC_001140.6_cds_NP_011894.1_2486,0.711422264575958,-0.147887110710144,1.62735920122433e-05,4.61973943090305e-06,0.711405992507935,0.711405992507935,-0.147882480867743,-0.147882480867743
lcl|NC_001140.6_cds_NP_011902.1_2494,1.03789389133453,0.0161354504525661,4.38734066866987e-05,8.51304518898355e-07,1.03785002231598,1.03785002231598,0.0161345989974287,0.0161345989974287
lcl|NC_001140.6_cds_NP_011907.1_2499,0.116754822432995,-0.932778239250183,5.81955628935695e-06,3.1415842886124e-05,0.116749003529549,0.116749003529549,-0.9327468175153,-0.9327468175153
lcl|NC_001140.6_cds_NP_011908.1_2500,1.82095921039581,0.260328114032745,7.08195271397822e-05,1.09983907662992e-05,1.82103002071381,1.82103002071381,0.260317105445046,0.260317105445046
lcl|NC_001140.6_cds_NP_011919.1_2511,1.60019183158875,0.204174801707268,3.81507879776256e-05,7.60029728777995e-06,1.6002299785614,1.6002299785614,0.204182402182655,0.204182402182655
lcl|NC_001140.6_cds_NP_011925.1_2517,0.488011866807938,-0.311607748270035,2.98652803490315e-05,1.15640625615769e-05,0.487982004880905,0.487982004880905,-0.311596193007578,-0.311596193007578
lcl|NC_001140.6_cds_NP_011929.1_2521,0.275183379650116,-0.560369670391083,8.61368362205034e-06,5.42437063007596e-06,0.275191992521286,0.275191992521286,-0.56036420726216,-0.56036420726216
lcl|NC_001140.6_cds_NP_011933.1_2525,1.00785267353058,0.00341729540377855,4.7331619262251e-05,1.49491529796194e-07,1.00789999961853,1.00789999961853,0.00341744503782201,0.00341744503782201
lcl|NC_001140.6_cds_NP_011936.1_2528,0.43350014090538,-0.363011240959167,5.87176216489757e-06,6.37813815713826e-06,0.433506011962891,0.433506011962891,-0.363004875248431,-0.363004875248431
lcl|NC_001140.6_cds_NP_011956.1_2550,0.837845623493195,-0.0768452063202858,2.26512428283125e-05,2.52598565134977e-06,0.83782297372818,0.83782297372818,-0.0768477351342853,-0.0768477351342853
lcl|NC_001140.6_cds_NP_012017.1_2610,0.384495168924332,-0.415136814117432,1.71678547354361e-05,8.31589394923327e-06,0.384478002786636,0.384478002786636,-0.415128502524871,-0.415128502524871
lcl|NC_001140.6_cds_NP_012023.1_2616,0.200015187263489,-0.698957622051239,5.81214445086191e-06,3.32038582914798e-05,0.200020998716354,0.200020998716354,-0.698924408596408,-0.698924408596408
lcl|NC_001140.6_cds_NP_012035.1_2628,0.576883912086487,-0.238933444023132,2.69432166172879e-05,1.5796810904793e-06,0.576856970787048,0.576856970787048,-0.238931854951888,-0.238931854951888
lcl|NC_001140.6_cds_NP_012041.1_2634,0.510821640491486,-0.291737854480743,9.35870109822199e-06,1.51109227318616e-05,0.510830998420715,0.510830998420715,-0.291722756603239,-0.291722756603239
lcl|NC_001140.6_cds_NP_012053.3_2647,6.23191595077515,0.794627368450165,0.000365770389765809,3.12954984173625e-05,6.2315502166748,6.2315502166748,0.794596099114825,0.794596099114825
lcl|NC_001140.6_cds_NP_012057.3_2651,0.249279499053955,-0.603275418281555,1.35014969122263e-05,1.44856182808014e-05,0.249292999505997,0.249292999505997,-0.603289916917821,-0.603289916917821
lcl|NC_001140.6_cds_NP_012061.3_2655,0.166428774595261,-0.778796553611755,1.77336773829459e-06,2.03276697468111e-05,0.166427001357079,0.166427001357079,-0.778776211764849,-0.778776211764849
lcl|NC_001140.6_cds_NP_012070.3_2665,0.329589247703552,-0.482032120227814,6.25891648316306e-06,3.09975158054447e-06,0.329582989215851,0.329582989215851,-0.482035211660408,-0.482035211660408
lcl|NC_001140.6_cds_NP_012071.1_2666,0.51001101732254,-0.292400449514389,9.9548145992627e-06,1.15344721596067e-05,0.510020971298218,0.510020971298218,-0.292411965996487,-0.292411965996487
lcl|NC_001140.6_cds_NP_012073.1_2668,8.07413864135742,0.907058417797089,0.000248941009182972,2.43814578078699e-05,8.07388973236084,8.07388973236084,0.907082813819127,0.907082813819127
lcl|NC_001141.2_cds_NP_012104.1_2700,2.70920610427856,0.432859510183334,3.38577008771525e-05,1.20409462090104e-05,2.7092399597168,2.7092399597168,0.43284747257308,0.43284747257308
lcl|NC_001141.2_cds_NP_012106.1_2702,0.850362479686737,-0.0703839510679245,2.05060485049814e-05,1.49026519629917e-06,0.85038298368454,0.85038298368454,-0.0703854387080013,-0.0703854387080013
lcl|NC_001141.2_cds_NP_012123.1_2720,1.05325853824615,0.0225469153374434,3.14744007892226e-05,1.05061499256322e-06,1.0532900094986,1.0532900094986,0.0225479649025604,0.0225479649025604
lcl|NC_001141.2_cds_NP_012124.1_2721,1.39076840877533,0.14328907430172,9.1561891922326e-05,5.66281070707812e-06,1.3908599615097,1.3908599615097,0.143283405329783,0.143283405329783
lcl|NC_001141.2_cds_NP_012134.1_2731,0.314086943864822,-0.502934694290161,5.96106059308513e-08,1.5379167875463e-05,0.314087003469467,0.314087003469467,-0.502950033796561,-0.502950033796561
lcl|NC_001141.2_cds_NP_012157.3_2754,1.72121524810791,0.235837325453758,1.52603151182979e-05,5.97614275482441e-06,1.72119998931885,1.72119998931885,0.235831334715441,0.235831334715441
lcl|NC_001141.2_cds_NP_012183.2_2781,0.999802529811859,-9.6855619631242e-05,2.5512552628553e-05,5.40650378135961e-09,0.999777019023895,0.999777019023895,-9.68502057697287e-05,-9.68502057697287e-05
lcl|NC_001141.2_cds_NP_012194.1_2792,1.34653127193451,0.129188656806946,9.1323147127567e-05,1.65414550037603e-06,1.34643995761871,1.34643995761871,0.129186991497046,0.129186991497046
lcl|NC_001141.2_cds_NP_012195.1_2793,8.77622699737549,0.943346261978149,9.72845084556525e-05,4.32164041093487e-05,8.77612972259521,8.77612972259521,0.943303034050577,0.943303034050577
lcl|NC_001141.2_cds_NP_012203.1_2801,0.716011226177216,-0.145084872841835,1.72273672441007e-05,5.75235336875739e-06,0.715994000434875,0.715994000434875,-0.145090616782848,-0.145090616782848
lcl|NC_001141.2_cds_NP_012213.3_2809,2.76540803909302,0.441758155822754,2.81360608806914e-05,3.33819400520476e-06,2.76537990570068,2.76537990570068,0.441754802771194,0.441754802771194
lcl|NC_001141.2_cds_NP_012229.1_2826,0.61547726392746,-0.210804119706154,1.3293041124781e-05,6.75074845611315e-06,0.615463972091675,0.615463972091675,-0.210797364633126,-0.210797364633126
lcl|NC_001141.2_cds_NP_012243.3_2837,0.75342208147049,-0.122948631644249,2.39045710192977e-05,7.52559138063151e-07,0.753445982933044,0.753445982933044,-0.122947878259802,-0.122947878259802
lcl|NC_001141.2_cds_NP_012244.3_2838,0.735351622104645,-0.133502602577209,1.37104395895933e-06,1.53492372333289e-06,0.735352993011475,0.735352993011475,-0.133504135587931,-0.133504135587931
lcl|NC_001141.2_cds_NP_012256.1_2850,0.157650083303452,-0.802293598651886,4.08323723459862e-06,2.34269464788376e-05,0.157646000385284,0.157646000385284,-0.802317043201108,-0.802317043201108
lcl|NC_001141.2_cds_NP_012270.1_2865,0.174240872263908,-0.758841574192047,6.87028223644047e-06,2.5512552628553e-05,0.174234002828598,0.174234002828598,-0.758867085839395,-0.758867085839395
lcl|NC_001141.2_cds_NP_012273.1_2868,0.48820286989212,-0.311400860548019,4.14284859447636e-06,4.88806975599069e-06,0.488207012414932,0.488207012414932,-0.311395986837638,-0.311395986837638
lcl|NC_001141.2_cds_NP_012277.1_2872,0.735299527645111,-0.13354603946209,2.35466155219939e-05,3.57663640321586e-06,0.735275983810425,0.735275983810425,-0.133549619080545,-0.133549619080545
lcl|NC_001141.2_cds_NP_012295.1_2891,0.553448677062988,-0.256948828697205,2.36658096311255e-05,7.60029728777995e-06,0.553425014019012,0.553425014019012,-0.256941215262075,-0.256941215262075
lcl|NC_001141.2_cds_NP_012303.1_2899,1.52333891391754,0.182796269655228,2.89712365616029e-05,7.9875970712835e-06,1.52330994606018,1.52330994606018,0.182788277707969,0.182788277707969
lcl|NC_001142.9_cds_NP_012318.1_2911,0.41296523809433,-0.384064108133316,2.77179513694219e-06,1.94933061516574e-05,0.412968009710312,0.412968009710312,-0.384083589371168,-0.384083589371168
lcl|NC_001142.9_cds_NP_012358.1_2945,6.65024375915527,0.822799682617188,0.000283752542497902,1.93131186066098e-05,6.64996004104614,6.64996004104614,0.822819035678247,0.822819035678247
lcl|NC_001142.9_cds_NP_012362.1_2948,0.463399469852448,-0.33401945233345,1.45447957086927e-05,1.13854842574734e-05,0.463414013385773,0.463414013385773,-0.334030837520374,-0.334030837520374
lcl|NC_001142.9_cds_NP_012382.2_2967,1.08593821525574,0.0358112864196301,1.18025039729979e-05,1.44926518430733e-06,1.0859500169754,1.0859500169754,0.0358098364394525,0.0358098364394525
lcl|NC_001142.9_cds_NP_012387.1_2970,0.894256055355072,-0.0485382713377476,2.02676067603951e-06,8.23394008672297e-07,0.89425402879715,0.89425402879715,-0.0485390945891919,-0.0485390945891919
lcl|NC_001142.9_cds_NP_012397.1_2979,8.2152271270752,0.914602160453796,0.000473069775766452,4.24412093991527e-05,8.21570014953613,8.21570014953613,0.914644580324102,0.914644580324102
lcl|NC_001142.9_cds_NP_012409.1_2993,0.158385053277016,-0.800293207168579,5.05197130269954e-06,6.43794566051502e-06,0.158380001783371,0.158380001783371,-0.8002996564803,-0.8002996564803
lcl|NC_001142.9_cds_NP_012410.1_2994,0.308847993612289,-0.510247826576233,2.00000799306345e-05,2.07437283544024e-05,0.308867990970612,0.308867990970612,-0.510227096765339,-0.510227096765339
lcl|NC_001142.9_cds_NP_012411.1_2995,0.508056282997131,-0.294077485799789,5.30515117489409e-06,1.52304816126186e-05,0.508050978183746,0.508050978183746,-0.294092708123339,-0.294092708123339
lcl|NC_001142.9_cds_NP_012424.1_3006,1.32276332378387,0.121496863663197,4.67347168894741e-05,6.25911370562775e-07,1.32281005382538,1.32281005382538,0.12149748704624,0.12149748704624
lcl|NC_001142.9_cds_NP_012434.1_3016,0.323964953422546,-0.489508241415024,1.99695909053939e-05,2.05060485049814e-05,0.323944985866547,0.323944985866547,-0.489528737828064,-0.489528737828064
lcl|NC_001142.9_cds_NP_012436.1_3018,0.136696249246597,-0.86425769329071,4.24722898029884e-06,8.3454850130119e-07,0.136692002415657,0.136692002415657,-0.864256894417949,-0.864256894417949
lcl|NC_001142.9_cds_NP_012439.2_3021,1.00424516201019,0.00185046275146306,2.47980126443558e-05,8.49887328259892e-09,1.00426995754242,1.00426995754242,0.00185047108772373,0.00185047108772373
lcl|NC_001142.9_cds_NP_012456.1_3037,2.74699735641479,0.438833147287369,0.000167385931613797,1.37104395895933e-06,2.74682998657227,2.74682998657227,0.438831779850674,0.438831779850674
lcl|NC_001142.9_cds_NP_012475.3_3056,1.41636478900909,0.151143655180931,7.47504539010012e-05,8.554072470728e-06,1.41629004478455,1.41629004478455,0.151152202471165,0.151152202471165
lcl|NC_001142.9_cds_NP_012485.1_3067,1.35940325260162,0.133361905813217,4.67347168894741e-05,1.32628779372352e-06,1.35944998264313,1.35944998264313,0.133363233503739,0.133363233503739
lcl|NC_001142.9_cds_NP_012526.1_3102,1.40969634056091,0.149149224162102,5.36490519285141e-05,7.12340918705389e-06,1.40974998474121,1.40974998474121,0.149142098559694,0.149142098559694
lcl|NC_001142.9_cds_NP_012532.3_3108,0.858711838722229,-0.0661310255527496,4.61378886384266e-05,1.8031734511433e-06,0.858757972717285,0.858757972717285,-0.066129217919526,-0.066129217919526
lcl|NC_001142.9_cds_NP_012533.1_3109,0.870301187038422,-0.0603363290429115,1.81811410482327e-05,3.16678969587554e-06,0.870283007621765,0.870283007621765,-0.0603394960458063,-0.0603394960458063
lcl|NC_001142.9_cds_NP_012540.3_3117,2.91868805885315,0.465173929929733,0.000118031190123257,3.78518058540886e-06,2.91857004165649,2.91857004165649,0.465170120239947,0.465170120239947
lcl|NC_001142.9_cds_NP_012542.1_3119,14.6258220672607,1.16507983207703,0.000678127405753658,6.05628893665417e-05,14.6265001296997,14.6265001296997,1.16514041934498,1.16514041934498
lcl|NC_001142.9_cds_NP_012543.3_3120,2.52830505371094,0.402830213308334,5.50797170565686e-05,1.01933738682764e-05,2.52824997901917,2.52824997901917,0.402820012308653,0.402820012308653
lcl|NC_001142.9_cds_NP_012566.1_3140,0.805435240268707,-0.0939413234591484,4.07734954731057e-05,6.06535322454834e-06,0.805476009845734,0.805476009845734,-0.0939473900017738,-0.0939473900017738
lcl|NC_001142.9_cds_NP_012569.1_3143,0.224975511431694,-0.647887468338013,1.5051182761263e-06,1.97899847249081e-05,0.224974006414413,0.224974006414413,-0.647867657546061,-0.647867657546061
lcl|NC_001142.9_cds_NP_012576.1_3148,0.313514560461044,-0.503686904907227,1.44553960693823e-05,3.53489056977719e-05,0.313529014587402,0.313529014587402,-0.503722262513868,-0.503722262513868
lcl|NC_001142.9_cds_NP_012585.1_3157,0.970263361930847,-0.0130881397053599,4.96573455498732e-05,5.58849438002478e-09,0.970313012599945,0.970313012599945,-0.0130881443768207,-0.0130881443768207
lcl|NC_001142.9_cds_NP_012596.3_3168,0.214358881115913,-0.668874144554138,8.12217390002832e-06,3.20704943088983e-05,0.214367002248764,0.214367002248764,-0.668842065267485,-0.668842065267485
lcl|NC_001142.9_cds_NP_012598.1_3170,1.46145951747894,0.16480915248394,8.04766343648025e-05,1.54987579027223e-06,1.46153998374939,1.46153998374939,0.164810700968993,0.164810700968993
lcl|NC_001142.9_cds_NP_012608.1_3179,0.619449317455292,-0.207993537187576,1.66909701819216e-05,1.10130966966077e-05,0.619466006755829,0.619466006755829,-0.207982520576732,-0.207982520576732
lcl|NC_001142.9_cds_NP_012633.1_3203,0.228705152869225,-0.640701830387115,5.15631215833867e-06,3.20115632482829e-05,0.228699997067451,0.228699997067451,-0.640733840962074,-0.640733840962074
lcl|NC_001142.9_cds_NP_012638.1_3208,3.61610555648804,0.558261394500732,1.5498380705447e-05,2.21743610955375e-05,3.6160900592804,3.6160900592804,0.558239238109041,0.558239238109041
lcl|NC_001142.9_cds_NP_012655.3_3225,3.70918750762939,0.569319188594818,0.000192425054473903,1.78240328536324e-05,3.70937991142273,3.70937991142273,0.569301315664812,0.569301315664812
lcl|NC_001142.9_cds_NP_012673.3_3244,4.14043235778809,0.617005348205566,0.000272294946006474,1.18025039729979e-05,4.14016008377075,4.14016008377075,0.617017133911759,0.617017133911759
lcl|NC_001142.9_cds_NP_012679.3_3250,7.80436038970947,0.892313063144684,0.000310454418521993,6.97424913053394e-06,7.80404996871948,7.80404996871948,0.892320041484867,0.892320041484867
lcl|NC_001142.9_cds_NP_012690.3_3262,5.3169994354248,0.725651562213898,0.000280402815265055,3.79716104529333e-05,5.31727981567383,5.31727981567383,0.725689515158179,0.725689515158179
lcl|NC_001143.9_cds_NP_012710.1_3278,1.43311214447021,0.156294792890549,2.78969965221358e-05,6.15470130581215e-06,1.43314003944397,1.43314003944397,0.156288629606159,0.156288629606159
lcl|NC_001143.9_cds_NP_012712.1_3280,1.46337902545929,0.165348738431931,9.53769694893621e-07,8.37551103347528e-06,1.46337997913361,1.46337997913361,0.165357109046919,0.165357109046919
lcl|NC_001143.9_cds_NP_012727.1_3293,0.749565839767456,-0.125177174806595,3.41565120922587e-05,6.75074845611315e-06,0.749599993228912,0.749599993228912,-0.125170426043232,-0.125170426043232
lcl|NC_001143.9_cds_NP_012735.1_3301,0.219284370541573,-0.658992528915405,3.36790207716099e-06,6.43794566051502e-06,0.219281002879143,0.219281002879143,-0.658998991223202,-0.658998991223202
lcl|NC_001143.9_cds_NP_012739.1_3306,3.16601252555847,0.500493288040161,3.24281708166321e-05,1.49022778077781e-05,3.16598010063171,3.16598010063171,0.50050818083177,0.50050818083177
lcl|NC_001143.9_cds_NP_012741.1_3308,9.36040115356445,0.971240341663361,2.09829336390202e-05,5.31721644991239e-05,9.36038017272949,9.36038017272949,0.971293488007937,0.971293488007937
lcl|NC_001143.9_cds_NP_012748.1_3314,0.198775976896286,-0.701660394668579,1.29798528462098e-05,4.05352135207902e-06,0.198762997984886,0.198762997984886,-0.701664461320379,-0.701664461320379
lcl|NC_001143.9_cds_NP_012751.1_3317,0.451422512531281,-0.345422923564911,1.64821022548525e-05,2.19967815325983e-05,0.451438993215561,0.451438993215561,-0.345400931286247,-0.345400931286247
lcl|NC_001143.9_cds_NP_012768.1_3331,0.489156931638718,-0.310549378395081,9.92506967764442e-06,1.1236954565867e-05,0.489147007465363,0.489147007465363,-0.310560599084606,-0.310560599084606
lcl|NC_001143.9_cds_NP_012778.1_3339,0.33834382891655,-0.470681846141815,1.58269834080041e-05,1.97899847249081e-05,0.338328003883362,0.338328003883362,-0.470662053560905,-0.470662053560905
lcl|NC_001143.9_cds_NP_012819.1_3376,1.24508512020111,0.0951842293143272,4.50663024122182e-05,9.01586725571652e-07,1.24504005908966,1.24504005908966,0.0951833250556153,0.0951833250556153
lcl|NC_001143.9_cds_NP_012828.1_3386,0.277063608169556,-0.557394444942474,3.60634690228661e-06,3.17719297363915e-05,0.277060002088547,0.277060002088547,-0.557426166841547,-0.557426166841547
lcl|NC_001143.9_cds_NP_012843.1_3400,1.68509471416473,0.226632177829742,3.52894797464324e-05,1.23687404530676e-06,1.68513000011444,1.68513000011444,0.226633410343583,0.226633410343583
lcl|NC_001143.9_cds_NP_012854.1_3410,0.896706521511078,-0.047347005456686,1.04914668195101e-05,2.41413982582622e-06,0.896717011928558,0.896717011928558,-0.0473445910120872,-0.0473445910120872
lcl|NC_001143.9_cds_NP_012856.1_3413,1.71812403202057,0.235035344958305,8.40523426415004e-05,2.05650217375085e-06,1.71803998947144,1.71803998947144,0.235033268345431,0.235033268345431
lcl|NC_001143.9_cds_NP_012865.1_3422,0.267445087432861,-0.572770297527313,1.21012275237814e-05,1.47239378687833e-05,0.267432987689972,0.267432987689972,-0.572785023820052,-0.572785023820052
lcl|NC_001143.9_cds_NP_012866.1_3423,0.56356418132782,-0.249026447534561,2.58122663137806e-05,1.02975376436407e-05,0.563589990139008,0.563589990139008,-0.249036728951607,-0.249036728951607
lcl|NC_001143.9_cds_NP_012868.1_3425,0.413232237100601,-0.383789211511612,1.27562763142765e-05,3.18906907856913e-06,0.413244992494583,0.413244992494583,-0.383792400297705,-0.383792400297705
lcl|NC_001143.9_cds_NP_012889.3_3444,2.89426803588867,0.461513727903366,0.000158085328447449,1.28162803156134e-06,2.89410996437073,2.89410996437073,0.461515028514918,0.461515028514918
lcl|NC_001143.9_cds_NP_012927.3_3482,0.723091602325439,-0.140813305974007,2.15792198792651e-05,6.33357939175108e-06,0.723070025444031,0.723070025444031,-0.14081964158336,-0.14081964158336
lcl|NC_001143.9_cds_NP_012928.1_3483,0.439346373081207,-0.357177793979645,1.36208723023737e-05,1.69890226759586e-06,0.439359992742538,0.439359992742538,-0.357179491617127,-0.357179491617127
lcl|NC_001143.9_cds_NP_012974.1_3524,0.74433434009552,-0.128236085176468,1.3352776020819e-05,3.65125535022606e-06,0.74432098865509,0.74432098865509,-0.128239734429371,-0.128239734429371
lcl|NC_001143.9_cds_NP_012985.3_3535,8.24461841583252,0.916182518005371,0.000158319877799265,2.03276697468111e-05,8.244460105896,8.244460105896,0.916162220840777,0.916162220840777
lcl|NC_001143.9_cds_NP_012986.1_3536,0.627261102199554,-0.202529117465019,1.99096291985254e-05,8.74793748312832e-06,0.627281010150909,0.627281010150909,-0.202537859778951,-0.202537859778951
lcl|NC_001143.9_cds_NP_013005.1_3555,0.546648263931274,-0.262283802032471,1.77636216969213e-05,5.87176216489757e-06,0.546666026115417,0.546666026115417,-0.262277915552518,-0.262277915552518
lcl|NC_001143.9_cds_NP_013010.3_3560,0.506615221500397,-0.295290231704712,2.67650978505555e-05,8.58392736771806e-06,0.506641983985901,0.506641983985901,-0.295298824300882,-0.295298824300882
lcl|NC_001143.9_cds_NP_013012.3_3562,0.268591910600662,-0.570883989334106,3.09975158054447e-06,1.8121624783322e-05,0.268595010042191,0.268595010042191,-0.570902059914778,-0.570902059914778
lcl|NC_001143.9_cds_NP_878113.4_3572,0.180846095085144,-0.742679953575134,6.09536445196749e-06,2.5512552628553e-05,0.180840000510216,0.180840000510216,-0.74270550041244,-0.74270550041244
lcl|NC_001144.5_cds_NP_013050.1_3600,4.70245218276978,0.67230749130249,0.000242251557466167,5.48417583583733e-06,4.70220994949341,4.70220994949341,0.672302016084302,0.672302016084302
lcl|NC_001144.5_cds_NP_013058.1_3606,0.210149273276329,-0.677476167678833,8.7331845474028e-06,2.21157555619261e-05,0.210158005356789,0.210158005356789,-0.677454062160752,-0.677454062160752
lcl|NC_001144.5_cds_NP_013064.1_3611,0.21051262319088,-0.676743030548096,2.3844242486016e-06,2.61101512402292e-05,0.210515007376671,0.210515007376671,-0.6767169383625,-0.6767169383625
lcl|NC_001144.5_cds_NP_013083.1_3629,3.38747429847717,0.529857397079468,0.000114214701202269,3.93430009865282e-06,3.38736009597778,3.38736009597778,0.529861367115062,0.529861367115062
lcl|NC_001144.5_cds_NP_013099.1_3644,0.199084669351578,-0.700944542884827,6.67638801040952e-06,3.21890071306105e-05,0.199077993631363,0.199077993631363,-0.700976744857985,-0.700976744857985
lcl|NC_001144.5_cds_NP_013111.1_3656,0.128295868635178,-0.891811907291412,8.64353809638902e-07,2.16390925734229e-05,0.128295004367828,0.128295004367828,-0.891790254129556,-0.891790254129556
lcl|NC_001144.5_cds_NP_013116.1_3661,0.284554660320282,-0.545825362205505,1.0342516619053e-05,6.85502636584705e-06,0.284565001726151,0.284565001726151,-0.545818514272316,-0.545818514272316
lcl|NC_001144.5_cds_NP_013129.1_3674,9.61070251464844,0.982756912708282,0.000557966997470227,2.34269464788376e-05,9.61126041412354,9.61126041412354,0.982780344484878,0.982780344484878
lcl|NC_001144.5_cds_NP_013216.1_3758,0.267654091119766,-0.572443962097168,1.01039426053991e-05,1.43065456128634e-06,0.267643988132477,0.267643988132477,-0.572442507371954,-0.572442507371954
lcl|NC_001144.5_cds_NP_013248.1_3788,0.215765818953514,-0.666014671325684,6.18458301812107e-06,9.77613951198138e-06,0.21577200293541,0.21577200293541,-0.666004907009264,-0.666004907009264
lcl|NC_001144.5_cds_NP_013264.1_3815,0.652770698070526,-0.185245662927628,2.16974825203038e-05,8.12217390002832e-06,0.652749001979828,0.652749001979828,-0.185253783518783,-0.185253783518783
lcl|NC_001144.5_cds_NP_013276.1_3825,3.45789885520935,0.538813650608063,0.000128756028522442,1.7525175954066e-05,3.45777010917664,3.45777010917664,0.538796115706293,0.538796115706293
lcl|NC_001144.5_cds_NP_013279.1_3828,0.426402002573013,-0.370150566101074,7.0044475502563e-06,2.30689443192133e-05,0.426409006118774,0.426409006118774,-0.370173631217925,-0.370173631217925
lcl|NC_001144.5_cds_NP_013287.1_3835,1.21529078483582,0.0846539959311485,8.08315408431926e-05,2.6751126830908e-06,1.2152099609375,1.2152099609375,0.0846513207316728,0.0846513207316728
lcl|NC_001144.5_cds_NP_013294.1_3842,0.215562522411346,-0.66648542881012,1.05212315451619e-05,3.74953782979057e-05,0.215552002191544,0.215552002191544,-0.666447938772976,-0.666447938772976
lcl|NC_001144.5_cds_NP_013296.1_3844,1.01416265964508,0.00611496204510331,1.7286730264683e-05,5.63491703482283e-08,1.01417994499207,1.01417994499207,0.00611501829487926,0.00611501829487926
lcl|NC_001144.5_cds_NP_013300.2_3847,0.234255641698837,-0.630307853221893,8.36065450109065e-06,1.34122629821285e-05,0.234264001250267,0.234264001250267,-0.630294443197855,-0.630294443197855
lcl|NC_001144.5_cds_NP_013309.1_3855,2.0009753704071,0.301238417625427,1.52603151182979e-05,0,2.00096011161804,2.00096011161804,0.301238431226495,0.301238431226495
lcl|NC_001144.5_cds_NP_013313.1_3859,0.387810945510864,-0.411382764577866,1.39484982610679e-05,1.27867478717371e-05,0.387796998023987,0.387796998023987,-0.411395557162067,-0.411395557162067
lcl|NC_001144.5_cds_NP_013341.1_3885,0.390747576951981,-0.408086806535721,6.43794566051502e-06,9.74665307582872e-06,0.390754014253616,0.390754014253616,-0.408096551736825,-0.408096551736825
lcl|NC_001144.5_cds_NP_013350.1_3894,8.84127330780029,0.946500301361084,0.000356714751875207,3.20115632482829e-05,8.84162998199463,8.84162998199463,0.946532335932846,0.946532335932846
lcl|NC_001144.5_cds_NP_013359.1_3903,0.940877914428711,-0.0264799036085606,2.69432166172879e-05,7.41398359798653e-07,0.940850973129272,0.940850973129272,-0.0264791615601536,-0.0264791615601536
lcl|NC_001144.5_cds_NP_013372.1_3916,1.83797240257263,0.26435774564743,4.75706752674974e-05,7.51079039220579e-06,1.83801996707916,1.83801996707916,0.264350224974575,0.264350224974575
lcl|NC_001144.5_cds_NP_013376.1_3920,1.04380083084106,0.0186226963996887,9.17969773151266e-06,1.23879604537143e-06,1.04381000995636,1.04381000995636,0.0186214573479206,0.0186214573479206
lcl|NC_001144.5_cds_NP_013377.1_3921,0.315544188022614,-0.500971496105194,1.01933738682764e-05,1.76447398732162e-05,0.315533995628357,0.315533995628357,-0.500953843017524,-0.500953843017524
lcl|NC_001144.5_cds_NP_013396.1_3938,6.01953744888306,0.77954488992691,6.24704556766395e-05,2.27112860008739e-05,6.01959991455078,6.01959991455078,0.779567627357997,0.779567627357997
lcl|NC_001144.5_cds_NP_013403.1_3944,3.03021121025085,0.481446593999863,0.000131142958379813,7.51079039220579e-06,3.03008008003235,3.03008008003235,0.481454106342763,0.481454106342763
lcl|NC_001144.5_cds_NP_013404.1_3945,2.62086391448975,0.418451309204102,3.38577008771525e-05,1.24584852874291e-05,2.62083005905151,2.62083005905151,0.418438861156843,0.418438861156843
lcl|NC_001144.5_cds_NP_013429.1_3968,7.80859518051147,0.89257800579071,3.48113849655252e-05,3.1593621809586e-06,7.80862998962402,7.80862998962402,0.892574844358968,0.892574844358968
lcl|NC_001144.5_cds_NP_013447.1_3984,0.377569675445557,-0.422983139753342,9.32935829933214e-06,9.03095966051597e-06,0.377579003572464,0.377579003572464,-0.422992163966523,-0.422992163966523
lcl|NC_001144.5_cds_NP_013448.1_3985,6.36532926559448,0.803773105144501,0.00017072584945509,5.94315847721897e-05,6.36549997329712,6.36549997329712,0.803832520655258,0.803832520655258
lcl|NC_001144.5_cds_NP_013455.1_3991,0.321655452251434,-0.492598384618759,3.54673547658918e-06,5.93118687838922e-06,0.321658998727798,0.321658998727798,-0.492604294277106,-0.492604294277106
lcl|NC_001144.5_cds_NP_013464.3_4000,0.206852346658707,-0.684325933456421,8.65824266345292e-06,4.53040619583049e-06,0.20686100423336,0.20686100423336,-0.68432137130843,-0.68432137130843
lcl|NC_001144.5_cds_NP_013480.1_4016,0.271251767873764,-0.566629350185394,1.82405118130165e-05,3.10574625918124e-05,0.271270006895065,0.271270006895065,-0.566598221572153,-0.566598221572153
lcl|NC_001144.5_cds_NP_013513.3_4047,0.92871367931366,-0.0321093611419201,1.83002496212664e-05,2.42162198522609e-07,0.928731977939606,0.928731977939606,-0.0321096006416743,-0.0321096006416743
lcl|NC_001144.5_cds_NP_013543.3_4077,0.19183737039566,-0.717041313648224,8.62854437758582e-06,5.96106078519667e-06,0.191845998167992,0.191845998167992,-0.717047255583128,-0.717047255583128
lcl|NC_001144.5_cds_NP_013546.1_4080,6.80708837509155,0.832996487617493,0.000191705532322922,2.28904729805815e-05,6.80728006362915,6.80728006362915,0.832973618620854,0.832973618620854
lcl|NC_001144.5_cds_NP_013558.3_4091,0.257494240999222,-0.58919221162796,8.76258797703298e-06,2.5512552628553e-05,0.257503002882004,0.257503002882004,-0.589217702050053,-0.589217702050053
lcl|NC_001145.3_cds_NP_013585.1_4115,0.250281631946564,-0.6015664935112,5.63328780152727e-06,1.43065456128634e-05,0.250275999307632,0.250275999307632,-0.601580795889282,-0.601580795889282
lcl|NC_001145.3_cds_NP_013586.1_4116,1.3955146074295,0.144735664129257,2.53947736093285e-05,6.6315841335776e-06,1.39553999900818,1.39553999900818,0.144742288764157,0.144742288764157
lcl|NC_001145.3_cds_NP_013597.1_4126,0.875484883785248,-0.0577596127986908,2.08634097430612e-05,2.0863712727402e-06,0.875464022159576,0.875464022159576,-0.0577616968662259,-0.0577616968662259
lcl|NC_001145.3_cds_NP_013601.1_4130,2.06769680976868,0.315512657165527,4.31584397585303e-05,1.67510220669506e-05,2.06773996353149,2.06773996353149,0.315495921508854,0.315495921508854
lcl|NC_001145.3_cds_NP_013618.1_4145,0.685487687587738,-0.164015829563141,2.86729270840831e-05,2.68247732262087e-06,0.685459017753601,0.685459017753601,-0.164018505711115,-0.164018505711115
lcl|NC_001145.3_cds_NP_013625.1_4150,2.29849743843079,0.361443251371384,7.74956230736923e-05,1.3859936923184e-05,2.29841995239258,2.29841995239258,0.361429383074557,0.361429383074557
lcl|NC_001145.3_cds_NP_013632.1_4156,0.796094536781311,-0.0990536510944366,2.45587795733263e-05,4.89546962905269e-06,0.796069979667664,0.796069979667664,-0.0990487533079892,-0.0990487533079892
lcl|NC_001145.3_cds_NP_013646.1_4170,0.305055797100067,-0.515620350837708,9.21006964300194e-06,1.27562763142765e-05,0.305065006017685,0.305065006017685,-0.515607607385613,-0.515607607385613
lcl|NC_001145.3_cds_NP_013648.1_4172,8.11755847930908,0.909451246261597,0.000421577732440216,3.27858339349787e-06,8.11798000335693,8.11798000335693,0.90944797720516,0.90944797720516
lcl|NC_001145.3_cds_NP_013661.1_4186,0.485738426446915,-0.313599139451981,7.42159243582946e-06,5.0370185180258e-06,0.48573100566864,0.48573100566864,-0.313604173321252,-0.313604173321252
lcl|NC_001145.3_cds_NP_013663.1_4188,0.282026559114456,-0.549714088439941,1.34419996268343e-05,2.47980126443558e-05,0.282039999961853,0.282039999961853,-0.549689294053735,-0.549689294053735
lcl|NC_001145.3_cds_NP_013684.1_4208,7.82423973083496,0.893501341342926,0.00016023331086407,5.03126249815919e-05,7.82439994812012,7.82439994812012,0.893451041526769,0.893451041526769
lcl|NC_001145.3_cds_NP_013690.1_4214,2.10342168807983,0.322885066270828,0.000131616139120054,1.40982601147678e-05,2.10329008102417,2.10329008102417,0.322899173732552,0.322899173732552
lcl|NC_001145.3_cds_NP_013733.1_4257,0.39392101764679,-0.404569983482361,2.98053039259834e-06,1.7585651011866e-05,0.393923997879028,0.393923997879028,-0.404587561133042,-0.404587561133042
lcl|NC_001145.3_cds_NP_013737.1_4261,0.345128864049911,-0.462000280618668,2.2145039488449e-05,9.44816098364936e-06,0.345151007175446,0.345151007175446,-0.461990854971315,-0.461990854971315
lcl|NC_001145.3_cds_NP_013752.1_4276,0.778075993061066,-0.10898045450449,3.99379853564175e-06,2.38442423723405e-07,0.778071999549866,0.778071999549866,-0.108980213343975,-0.108980213343975
lcl|NC_001145.3_cds_NP_013764.1_4287,1.5860321521759,0.200317576527596,2.78969965221358e-05,2.05650217375085e-06,1.58606004714966,1.58606004714966,0.200319625385175,0.200319625385175
lcl|NC_001145.3_cds_NP_013774.1_4295,1.55515158176422,0.191769152879715,4.16075763923536e-05,8.04725178265263e-06,1.55510997772217,1.55510997772217,0.191761107850917,0.191761107850917
lcl|NC_001145.3_cds_NP_013797.1_4317,1.3745139837265,0.138162061572075,2.5989439642501e-05,4.67935054911099e-06,1.37453997135162,1.37453997135162,0.138157373561109,0.138157373561109
lcl|NC_001145.3_cds_NP_013805.1_4324,0.143899187445641,-0.841988980770111,8.18161151787014e-06,2.25922195064152e-05,0.143891006708145,0.143891006708145,-0.841966348933998,-0.841966348933998
lcl|NC_001145.3_cds_NP_013810.1_4329,1.04052972793579,0.0172631554305553,2.02668556431995e-05,2.04911462093617e-07,1.04054999351501,1.04054999351501,0.0172629508485743,0.0172629508485743
lcl|NC_001145.3_cds_NP_013817.1_4336,2.16859912872314,0.336179882287979,2.90895914173854e-05,6.43794566051502e-06,2.16857004165649,2.16857004165649,0.336173453791063,0.336173453791063
lcl|NC_001145.3_cds_NP_013824.1_4344,0.28307893872261,-0.548096120357513,6.94458736616977e-06,6.97424913053394e-06,0.283071994781494,0.283071994781494,-0.548103094652841,-0.548103094652841
lcl|NC_001145.3_cds_NP_013834.1_4354,9.26458835601807,0.966806650161743,5.15035652841202e-05,2.18775411062628e-05,9.26463985443115,9.26463985443115,0.966828541596282,0.966828541596282
lcl|NC_001145.3_cds_NP_013840.1_4359,3.57829308509827,0.55370557308197,7.70158728364539e-05,2.02668556431995e-05,3.57837009429932,3.57837009429932,0.553685255627641,0.553685255627641
lcl|NC_001145.3_cds_NP_013863.2_4382,6.55664300918579,0.816661953926086,3.71970189665336e-05,2.2055633987713e-05,6.55668020248413,6.55668020248413,0.81668400177183,0.81668400177183
lcl|NC_001145.3_cds_NP_013866.1_4385,2.53734660148621,0.404395371675491,2.3367358444737e-05,1.15941214744587e-05,2.53736996650696,2.53736996650696,0.404383795049148,0.404383795049148
lcl|NC_001145.3_cds_NP_013918.1_4434,0.907880246639252,-0.0419910401105881,3.6243249566644e-05,2.27264263102909e-06,0.907844007015228,0.907844007015228,-0.041988769003776,-0.041988769003776
lcl|NC_001145.3_cds_NP_013950.1_4465,0.502923786640167,-0.298501819372177,1.97899847249081e-05,1.31143335739915e-05,0.502903997898102,0.502903997898102,-0.298514911887159,-0.298514911887159
lcl|NC_001145.3_cds_NP_013953.1_4468,1.54931485652924,0.190127849578857,1.49022778077781e-05,7.6599079959359e-06,1.54929995536804,1.54929995536804,0.190135508365953,0.190135508365953
lcl|NC_001145.3_cds_NP_013955.1_4470,0.288688004016876,-0.539568483829498,1.00145819290044e-05,1.78240328536324e-05,0.288677990436554,0.288677990436554,-0.539586326601898,-0.539586326601898
lcl|NC_001145.3_cds_NP_013969.3_4485,7.76397657394409,0.890094339847565,0.000286612800280228,2.61688107453561e-05,7.76368999481201,7.76368999481201,0.890068185625337,0.890068185625337
lcl|NC_001145.3_cds_NP_013987.1_4504,2.96575379371643,0.472141832113266,0.000153792181196615,2.92387686259805e-05,2.96560001373291,2.96560001373291,0.47211257503261,0.47211257503261
lcl|NC_001145.3_cds_NP_013995.1_4512,0.167176201939583,-0.776842653751373,3.80014864388997e-06,2.70029938244526e-05,0.167180001735687,0.167180001735687,-0.776815674596051,-0.776815674596051
lcl|NC_001145.3_cds_NP_014011.1_4529,0.281414389610291,-0.55062335729599,1.06103023497882e-05,1.40088951005126e-05,0.281424999237061,0.281424999237061,-0.550637326416294,-0.550637326416294
lcl|NC_001145.3_cds_NP_014016.1_4534,0.187866151332855,-0.726129174232483,1.14746221643908e-06,2.49169705748583e-05,0.187865003943443,0.187865003943443,-0.726154114044141,-0.726154114044141
lcl|NC_001145.3_cds_NP_014030.1_4546,0.40307030081749,-0.394646883010864,1.12961097532076e-05,1.5498380705447e-05,0.403059005737305,0.403059005737305,-0.394631370756474,-0.394631370756474
lcl|NC_001145.3_cds_NP_014045.1_4559,1.01509964466095,0.00649631209671497,2.96863697433179e-05,3.35778307231567e-07,1.01506996154785,1.01506996154785,0.00649597610842366,0.00649597610842366
lcl|NC_001145.3_cds_NP_014051.3_4565,2.39744091033936,0.379752635955811,8.08315408431926e-05,1.93739057684231e-05,2.39736008644104,2.39736008644104,0.379733270499762,0.379733270499762
lcl|NC_001146.8_cds_NP_014067.1_4577,5.18373870849609,0.714652121067047,0.000231286337110117,1.03718641772012e-05,5.18396997451782,5.18396997451782,0.714662477442207,0.714662477442207
lcl|NC_001146.8_cds_NP_014082.1_4590,0.16874723136425,-0.772754609584808,6.22924264371457e-06,2.47383320724843e-05,0.168741002678871,0.168741002678871,-0.772779374592289,-0.772779374592289
lcl|NC_001146.8_cds_NP_014098.1_4605,7.01701974868774,0.846177339553833,0.000219849031566095,3.82698316278257e-05,7.01679992675781,7.01679992675781,0.846139093467133,0.846139093467133
lcl|NC_001146.8_cds_NP_014117.1_4624,0.153747245669365,-0.813220858573914,3.24867995531262e-06,1.90156938806521e-05,0.153743997216225,0.153743997216225,-0.813201831824171,-0.813201831824171
lcl|NC_001146.8_cds_NP_014151.1_4657,1.60460913181305,0.205384254455566,7.08195271397822e-05,4.1727425454804e-06,1.60467994213104,1.60467994213104,0.205388424138174,0.205388424138174
lcl|NC_001146.8_cds_NP_014153.1_4659,0.357057869434357,-0.44726026058197,1.21307064490967e-05,1.36208723023737e-05,0.357069998979568,0.357069998979568,-0.447246637695679,-0.447246637695679
lcl|NC_001146.8_cds_NP_014160.2_4666,2.21616339683533,0.345608294010162,6.65271515938662e-05,6.52753781005731e-06,2.2162299156189,2.2162299156189,0.345614812872749,0.345614812872749
lcl|NC_001146.8_cds_NP_014167.1_4672,0.27369236946106,-0.562738597393036,1.36208723023737e-05,2.28904729805815e-05,0.273705989122391,0.273705989122391,-0.562715699431864,-0.562715699431864
lcl|NC_001146.8_cds_NP_014178.1_4681,0.258554041385651,-0.587418437004089,7.95824115313963e-06,1.69288504385762e-05,0.258561998605728,0.258561998605728,-0.587435303928077,-0.587435303928077
lcl|NC_001146.8_cds_NP_014192.1_4695,1.00052583217621,0.000238814231124707,2.42024550475628e-05,4.19137078501858e-09,1.00055003166199,1.00055003166199,0.000238810045149186,0.000238810045149186
lcl|NC_001146.8_cds_NP_014221.3_4720,9.32024383544922,0.969405770301819,0.000264201512834707,9.17969773151266e-06,9.31997966766357,9.31997966766357,0.969414964904288,0.969414964904288
lcl|NC_001146.8_cds_NP_014222.2_4721,0.274499326944351,-0.561501443386078,5.33518279547158e-06,3.4276047636127e-05,0.274493992328644,0.274493992328644,-0.56146715623054,-0.56146715623054
lcl|NC_001146.8_cds_NP_014231.1_4727,0.909176349639893,-0.0413630306720734,2.2354084875559e-05,4.8059899610822e-07,0.909153997898102,0.909153997898102,-0.0413625471710492,-0.0413625471710492
lcl|NC_001146.8_cds_NP_014252.2_4748,1.03353416919708,0.01431530341506,2.42024550475628e-05,6.32440269260266e-07,1.0335099697113,1.0335099697113,0.0143146703873242,0.0143146703873242
lcl|NC_001146.8_cds_NP_014264.1_4762,4.66669082641602,0.669005155563354,0.000189326477049004,2.1519660404905e-05,4.66688013076782,4.66688013076782,0.669026646135929,0.669026646135929
lcl|NC_001146.8_cds_NP_014286.1_4783,0.689151108264923,-0.161696687340736,2.11018548585719e-05,2.14598184192951e-06,0.689130008220673,0.689130008220673,-0.161698838286012,-0.161698838286012
lcl|NC_001146.8_cds_NP_014289.1_4786,0.950673043727875,-0.0219819787889719,3.00431615688232e-05,5.66300774478812e-07,0.950643002986908,0.950643002986908,-0.0219825439887638,-0.0219825439887638
lcl|NC_001146.8_cds_NP_014307.1_4803,0.15803949534893,-0.801254093647003,7.51079039220579e-06,4.03567340088134e-05,0.158047005534172,0.158047005534172,-0.801213728184447,-0.801213728184447
lcl|NC_001146.8_cds_NP_014332.1_4828,8.94529056549072,0.951619923114777,0.000180265209648873,3.4216289882912e-05,8.94511032104492,8.94511032104492,0.951585701138785,0.951585701138785
lcl|NC_001146.8_cds_NP_014337.3_4833,0.67287003993988,-0.172053575515747,3.89866123033149e-05,9.92506967764442e-06,0.672909021377563,0.672909021377563,-0.172043649274674,-0.172043649274674
lcl|NC_001146.8_cds_NP_014338.3_4834,1.80968081951141,0.25764212012291,0.00012923495931793,9.12025590650825e-06,1.80981004238129,1.80981004238129,0.257632993722819,0.257632993722819
lcl|NC_001146.8_cds_NP_014353.1_4850,1.60104441642761,0.20439238846302,7.43940379330673e-05,9.17969773151266e-06,1.60097002983093,1.60097002983093,0.204383201999952,0.204383201999952
lcl|NC_001146.8_cds_NP_014361.1_4858,2.15106630325317,0.332642078399658,3.6243249566644e-05,4.41118496830405e-06,2.15103006362915,2.15103006362915,0.332646480297739,0.332646480297739
lcl|NC_001146.8_cds_NP_014397.1_4892,0.307168990373611,-0.51260381937027,1.50215807844116e-05,2.44403487799535e-06,0.307184010744095,0.307184010744095,-0.512601393543939,-0.512601393543939
lcl|NC_001146.8_cds_NP_014404.3_4898,0.257070958614349,-0.589928150177002,6.94458736616977e-06,3.05801853660916e-05,0.257064014673233,0.257064014673233,-0.589958714188173,-0.589958714188173
lcl|NC_001146.8_cds_NP_014413.1_4907,2.86516880989075,0.457135051488876,0.000128756028522442,4.35142312069065e-06,2.86504006385803,2.86504006385803,0.457130699389207,0.457130699389207
lcl|NC_001146.8_cds_NP_014441.1_4934,1.29642474651337,0.112770803272724,7.52303773073473e-05,1.70640192037388e-06,1.29649996757507,1.29649996757507,0.112772510243845,0.112772510243845
lcl|NC_001146.8_cds_NP_014444.1_4937,1.05048108100891,0.0214057993143797,3.88654764595599e-05,1.49769947127283e-06,1.0505199432373,1.0505199432373,0.0214043015355926,0.0214043015355926
lcl|NC_001146.8_cds_NP_014448.1_4941,2.80544900894165,0.447997659444809,5.91337219708066e-05,4.44090542423032e-06,2.80538988113403,2.80538988113403,0.447993226183501,0.447993226183501
lcl|NC_001146.8_cds_NP_014469.1_4962,1.92189466953278,0.283732831478119,4.53024856566249e-05,7.0044475502563e-06,1.92193996906281,1.92193996906281,0.283739818550049,0.283739818550049
lcl|NC_001147.6_cds_NP_014492.1_4989,0.293546617031097,-0.532315790653229,3.60634690228661e-06,1.24584852874291e-05,0.293543010950089,0.293543010950089,-0.532328255405358,-0.532328255405358
lcl|NC_001147.6_cds_NP_014498.1_4995,1.36118984222412,0.133905664086342,5.98507805897822e-05,6.0506137618907e-06,1.36112999916077,1.36112999916077,0.133899605895464,0.133899605895464
lcl|NC_001147.6_cds_NP_014499.2_4996,0.398443400859833,-0.399634271860123,1.06103023497882e-05,1.24882332761729e-05,0.398454010486603,0.398454010486603,-0.399621797591557,-0.399621797591557
lcl|NC_001147.6_cds_NP_014500.2_4997,0.360848426818848,-0.442633599042892,1.95818785162108e-05,1.80326824077558e-05,0.360868006944656,0.360868006944656,-0.442651618974815,-0.442651618974815
lcl|NC_001147.6_cds_NP_014502.1_4999,3.42489385604858,0.534666776657104,7.60627755226086e-05,1.00145819290044e-05,3.42496991157532,3.42496991157532,0.534656760560063,0.534656760560063
lcl|NC_001147.6_cds_NP_014514.1_5010,7.88940238952637,0.897017061710358,0.000147831661788898,3.52309367663492e-05,7.88955020904541,7.88955020904541,0.897052244363059,0.897052244363059
lcl|NC_001147.6_cds_NP_014521.1_5017,9.62110900878906,0.983233988285065,0.000110637287633779,3.87459517636174e-06,9.62121963500977,9.62121963500977,0.983230128917308,0.983230128917308
lcl|NC_001147.6_cds_NP_014555.1_5053,9.9736795425415,0.998863697052002,0.000220318868226274,1.31143335243876e-06,9.97389984130859,9.97389984130859,0.99886500268469,0.99886500268469
lcl|NC_001147.6_cds_NP_014577.1_5074,1.17933630943298,0.0716530904173851,3.37405232842533e-05,2.99539894254566e-06,1.17937004566193,1.17937004566193,0.0716500931137072,0.0716500931137072
lcl|NC_001147.6_cds_NP_014584.1_5081,0.910479128360748,-0.0407116301357746,3.38577008771525e-05,2.22800410670405e-06,0.910512983798981,0.910512983798981,-0.0407138568410029,-0.0407138568410029
lcl|NC_001147.6_cds_NP_014586.1_5083,1.99021506309509,0.298869907855988,5.50797170565686e-05,1.80924498353906e-05,1.99015998840332,1.99015998840332,0.298887990624698,0.298887990624698
lcl|NC_001147.6_cds_NP_014593.1_5089,0.673527181148529,-0.171648144721985,1.71678547354361e-05,7.79417536264431e-06,0.673510015010834,0.673510015010834,-0.171655941987613,-0.171655941987613
lcl|NC_001147.6_cds_NP_014621.1_5115,1.10641062259674,0.0438996069133282,4.06553394936221e-05,7.74937895136117e-07,1.106369972229,1.106369972229,0.0439003801596272,0.0439003801596272
lcl|NC_001147.6_cds_NP_014633.1_5128,0.813232183456421,-0.0897847563028336,6.19950316108894e-06,4.00144540603536e-06,0.813225984573364,0.813225984573364,-0.0897887530338346,-0.0897887530338346
lcl|NC_001147.6_cds_NP_014634.1_5129,0.190230339765549,-0.720717251300812,1.23392631469322e-05,3.11176261478715e-05,0.19021800160408,0.19021800160408,-0.720748385256801,-0.720748385256801
lcl|NC_001147.6_cds_NP_014643.1_5138,0.276288241147995,-0.558599293231964,9.74665307582872e-06,2.30094134750296e-05,0.276297986507416,0.276297986507416,-0.558622279947422,-0.558622279947422
lcl|NC_001147.6_cds_NP_014669.1_5164,0.200573936104774,-0.69773942232132,7.06401585411549e-06,2.92100428018084e-05,0.20058099925518,0.20058099925518,-0.697710209448507,-0.697710209448507
lcl|NC_001147.6_cds_NP_014706.1_5199,11.1406965255737,1.0468864440918,0.00040345610475077,4.16075763923536e-05,11.1410999298096,11.1410999298096,1.0469280696407,1.0469280696407
lcl|NC_001147.6_cds_NP_014727.1_5220,0.145385757088661,-0.837448060512543,2.38442423723405e-07,2.93887261522344e-05,0.14538599550724,0.14538599550724,-0.837477425436058,-0.837477425436058
lcl|NC_001147.6_cds_NP_014732.1_5224,0.645980417728424,-0.189806148409843,2.64069230726166e-05,7.73445988289558e-06,0.645954012870789,0.645954012870789,-0.189798399446659,-0.189798399446659
lcl|NC_001147.6_cds_NP_014738.1_5230,1.78188419342041,0.25089418888092,5.57939930442715e-05,1.10279624207601e-06,1.78193998336792,1.78193998336792,0.250893072691277,0.250893072691277
lcl|NC_001147.6_cds_NP_014739.1_5231,8.31251907348633,0.919745206832886,0.000130663591507156,5.72261824514537e-06,8.31264972686768,8.31264972686768,0.919739480863558,0.919739480863558
lcl|NC_001147.6_cds_NP_014759.1_5250,1.45811069011688,0.16380287706852,1.93131186066098e-05,6.6315841335776e-06,1.45813000202179,1.45813000202179,0.16379624595985,0.16379624595985
lcl|NC_001147.6_cds_NP_014765.3_5255,3.71489763259888,0.569985032081604,0.000182407226813011,1.68098398810116e-05,3.71508002281189,3.71508002281189,0.569968172899106,0.569968172899106
lcl|NC_001147.6_cds_NP_014776.1_5266,10.0234537124634,1.00098824501038,0.000145924094504132,3.55272433938426e-05,10.0235996246338,10.0235996246338,1.00102371118992,1.00102371118992
lcl|NC_001147.6_cds_NP_014779.1_5268,1.96679198741913,0.293741554021835,3.1950388285134e-05,9.83561159741159e-06,1.96676003932953,1.96676003932953,0.293751375703652,0.293751375703652
lcl|NC_001147.6_cds_NP_014786.1_5276,0.61637419462204,-0.210191085934639,3.61848996707812e-05,1.00444216926504e-05,0.616338014602661,0.616338014602661,-0.210181044953053,-0.210181044953053
lcl|NC_001147.6_cds_NP_014794.3_5283,1.72995316982269,0.238037064671516,6.79560907038342e-06,1.01338033801975e-06,1.7299599647522,1.7299599647522,0.238036052673079,0.238036052673079
lcl|NC_001147.6_cds_NP_014800.3_5289,1.05499732494354,0.0232450850307941,1.7286730264683e-05,8.41975519290247e-07,1.05498003959656,1.05498003959656,0.0232442427852966,0.0232442427852966
lcl|NC_001147.6_cds_NP_014802.3_5291,0.306966602802277,-0.512939035892487,1.66019291457399e-05,6.67638801040952e-06,0.306950002908707,0.306950002908707,-0.512932358168241,-0.512932358168241
lcl|NC_001147.6_cds_NP_014811.3_5301,2.08722424507141,0.319579899311066,3.57650825017016e-05,3.33819400520476e-06,2.08726000785828,2.08726000785828,0.319576552057618,0.319576552057618
lcl|NC_001147.6_cds_NP_014837.1_5328,0.248412922024727,-0.604813814163208,1.92239598443288e-06,1.5379167875463e-05,0.248410999774933,0.248410999774933,-0.604829177272483,-0.604829177272483
lcl|NC_001147.6_cds_NP_014840.4_5331,0.994437277317047,-0.00243003596551716,1.7286730264683e-05,1.17126198865854e-07,0.994419991970062,0.994419991970062,-0.00243015315663323,-0.00243015315663323
lcl|NC_001147.6_cds_NP_014845.1_5334,0.210446417331696,-0.676830768585205,5.42437063007596e-06,3.88654764595599e-05,0.210440993309021,0.210440993309021,-0.676869656943266,-0.676869656943266
lcl|NC_001147.6_cds_NP_014850.1_5338,1.6563423871994,0.219169899821281,5.75837053656111e-05,4.69445040327025e-06,1.65639996528625,1.65639996528625,0.219165212728681,0.219165212728681
lcl|NC_001147.6_cds_NP_014852.1_5340,1.37691903114319,0.138894572854042,5.90155950616283e-05,4.78372895347821e-06,1.37686002254486,1.37686002254486,0.138889790274054,0.138889790274054
lcl|NC_001147.6_cds_NP_014877.3_5363,7.41632890701294,0.870161116123199,1.09683516716747e-05,2.85536753005673e-05,7.41633987426758,7.41633987426758,0.87018962433718,0.87018962433718
lcl|NC_001147.6_cds_NP_014893.1_5377,0.267002940177917,-0.57348644733429,2.95062599324947e-06,2.32481368540835e-06,0.266999989748001,0.266999989748001,-0.57348875531103,-0.57348875531103
lcl|NC_001147.6_cds_NP_014897.1_5381,1.11910486221313,0.0488554090261459,4.4827175875258e-05,2.01929623934265e-06,1.11906003952026,1.11906003952026,0.0488533878088273,0.0488533878088273
lcl|NC_001147.6_cds_NP_014902.3_5386,1.38821792602539,0.142476677894592,7.21307296310231e-05,3.54673547658918e-06,1.38829004764557,1.38829004764557,0.142480210306407,0.142480210306407
lcl|NC_001147.6_cds_NP_014904.3_5388,0.903102159500122,-0.0442648641765118,1.78831820160793e-07,1.6578960333944e-06,0.903101980686188,0.903101980686188,-0.044263205225226,-0.044263205225226
lcl|NC_001147.6_cds_NP_014917.3_5400,0.278197556734085,-0.555662989616394,5.54359027388438e-06,7.63015755914897e-06,0.278192013502121,0.278192013502121,-0.555655342143203,-0.555655342143203
lcl|NC_001147.6_cds_NP_014957.2_5437,7.34626817703247,0.866036891937256,0.000161663081686385,3.94631337387815e-05,7.3464298248291,7.3464298248291,0.866076334449038,0.866076334449038
lcl|NC_001147.6_cds_NP_014964.1_5444,0.317148417234421,-0.498703718185425,1.85985094832668e-05,8.28569718895272e-06,0.317167013883591,0.317167013883591,-0.498711986654758,-0.498711986654758
lcl|NC_001147.6_cds_NP_014968.1_5448,1.89005041122437,0.27648076415062,3.57663640321586e-07,7.45113890388903e-06,1.8900500535965,1.8900500535965,0.276473305608649,0.276473305608649
lcl|NC_001147.6_cds_NP_014977.3_5455,2.02536725997925,0.306487947702408,7.72524744264391e-05,7.15327280643172e-07,2.02529001235962,2.02529001235962,0.306487221007105,0.306487221007105
lcl|NC_001147.6_cds_NP_014985.1_5462,0.828795194625854,-0.0815752893686295,4.72100158919915e-05,2.22800410670405e-06,0.828747987747192,0.828747987747192,-0.0815775130805056,-0.0815775130805056
lcl|NC_001147.6_cds_NP_014986.3_5463,2.25674748420715,0.353428900241852,0.000147591686167638,2.5663011950854e-05,2.25659990310669,2.25659990310669,0.353454565158418,0.353454565158418
lcl|NC_001147.6_cds_NP_015002.3_5480,0.316519021987915,-0.499610304832458,1.50215807844116e-05,1.04914668195101e-05,0.316504001617432,0.316504001617432,-0.499620794748102,-0.499620794748102
lcl|NC_001147.6_cds_NP_015006.3_5484,2.43654274940491,0.386810034513474,7.72524744264391e-05,2.22351939769425e-05,2.43661999702454,2.43661999702454,0.386787804086836,0.386787804086836
lcl|NC_001147.6_cds_NP_015007.1_5485,1.33352482318878,0.125018775463104,4.51844390128303e-05,2.95062599324947e-06,1.33357000350952,1.33357000350952,0.125015818181073,0.125015818181073
lcl|NC_001148.4_cds_NP_015083.1_5560,0.15415957570076,-0.812014818191528,5.81203421352088e-07,1.63329489383945e-05,0.154158994555473,0.154158994555473,-0.812031130867093,-0.812031130867093
lcl|NC_001148.4_cds_NP_015084.1_5561,4.82796144485474,0.683768451213837,0.000291384424985588,3.08784456755761e-05,4.82767009735107,4.82767009735107,0.683737584582875,0.683737584582875
lcl|NC_001148.4_cds_NP_015089.1_5565,1.26956832408905,0.103674337267876,6.16358753460743e-05,2.8240274383019e-06,1.26962995529175,1.26962995529175,0.103677160489418,0.103677160489418
lcl|NC_001148.4_cds_NP_015093.1_5569,3.78044581413269,0.577555298805237,1.57372003946113e-05,1.40680304403457e-05,3.78043007850647,3.78043007850647,0.57754120991586,0.57754120991586
lcl|NC_001148.4_cds_NP_015136.1_5611,0.361295253038406,-0.442144393920898,1.82405118130165e-05,1.52900926830458e-05,0.361277014017105,0.361277014017105,-0.442159669218294,-0.442159669218294
lcl|NC_001148.4_cds_NP_015152.1_5625,0.447112023830414,-0.349602103233337,3.0102365522526e-06,1.55287312959062e-05,0.447109013795853,0.447109013795853,-0.349586574591061,-0.349586574591061
lcl|NC_001148.4_cds_NP_015171.1_5644,3.180903673172,0.502587556838989,0.000186467717909708,1.15640625615769e-05,3.18109011650085,3.18109011650085,0.502575972327951,0.502575972327951
lcl|NC_001148.4_cds_NP_015174.1_5648,0.12089117616415,-0.91753476858139,2.8240274383019e-06,6.05036378692824e-05,0.120893999934196,0.120893999934196,-0.917595252986476,-0.917595252986476
lcl|NC_001148.4_cds_NP_015176.1_5650,0.185014247894287,-0.732730805873871,1.17582342746082e-05,3.64230531231985e-05,0.185026004910469,0.185026004910469,-0.732767228378467,-0.732767228378467
lcl|NC_001148.4_cds_NP_015180.1_5654,1.90041661262512,0.278853356838226,8.34536389722449e-05,1.45447957086927e-05,1.90050005912781,1.90050005912781,0.278867887450767,0.278867887450767
lcl|NC_001148.4_cds_NP_015181.1_5655,0.143366411328316,-0.843558132648468,7.40687418913009e-06,1.68702616421267e-05,0.143359005451202,0.143359005451202,-0.843575020576433,-0.843575020576433
lcl|NC_001148.4_cds_NP_015182.1_5656,8.54696464538574,0.931841969490051,0.000335726938224323,1.29947198212505e-05,8.54730033874512,8.54730033874512,0.93182896465506,0.93182896465506
lcl|NC_001148.4_cds_NP_015203.1_5675,1.00458121299744,0.00198459019884467,1.1922121243008e-06,5.35548934831801e-08,1.00458002090454,1.00458002090454,0.00198453665730223,0.00198453665730223
lcl|NC_001148.4_cds_NP_015219.1_5691,4.82991504669189,0.683896124362946,0.000265142310046487,1.95522790239628e-05,4.82964992523193,4.82964992523193,0.683915652273251,0.683915652273251
lcl|NC_001148.4_cds_NP_015224.1_5695,0.348273873329163,-0.458034664392471,1.4128031708231e-05,2.6824525964257e-05,0.348287999629974,0.348287999629974,-0.458061489033774,-0.458061489033774
lcl|NC_001148.4_cds_NP_015229.1_5701,0.171343863010406,-0.766112446784973,1.11322482919521e-05,9.17969773151266e-06,0.171354994177818,0.171354994177818,-0.76610323344444,-0.76610323344444
lcl|NC_001148.4_cds_NP_015234.1_5706,1.48180079460144,0.170772701501846,8.08315408431926e-05,6.55716678699573e-06,1.48171997070312,1.48171997070312,0.170766134365531,0.170766134365531
lcl|NC_001148.4_cds_NP_015235.1_5707,11.1551198959351,1.04740190505981,0.000619964984589539,4.81637848360416e-05,11.1545000076294,11.1545000076294,1.04745010812105,1.04745010812105
lcl|NC_001148.4_cds_NP_015258.1_5729,0.282096147537231,-0.549582958221436,8.13679600612163e-06,3.24281708166321e-05,0.28208801150322,0.28208801150322,-0.549615370592713,-0.549615370592713
lcl|NC_001148.4_cds_NP_015294.1_5765,0.681885659694672,-0.166277378797531,8.34548509096079e-06,5.75235336875739e-06,0.68189400434494,0.68189400434494,-0.166283128137791,-0.166283128137791
lcl|NC_001148.4_cds_NP_015297.1_5768,3.17285060882568,0.501460075378418,2.05060485049814e-05,1.32331640030083e-05,3.17283010482788,3.17283010482788,0.50144681760587,0.50144681760587
lcl|NC_001148.4_cds_NP_015310.1_5780,0.351440399885178,-0.45412740111351,3.87468947568059e-07,2.14009014647264e-05,0.351440012454987,0.351440012454987,-0.454148794351398,-0.454148794351398
lcl|NC_001148.4_cds_NP_015318.1_5788,0.124957747757435,-0.903277933597565,2.74959769157479e-06,3.15942553247592e-05,0.124954998493195,0.124954998493195,-0.903246366391531,-0.903246366391531
lcl|NC_001148.4_cds_NP_015324.1_5794,0.338164657354355,-0.470860987901688,1.23392631469322e-05,5.0370185180258e-06,0.338176995515823,0.338176995515823,-0.470855938607995,-0.470855938607995
lcl|NC_001148.4_cds_NP_015335.1_5804,1.70691990852356,0.232180938124657,8.98956365269359e-05,9.34380673762515e-06,1.70683002471924,1.70683002471924,0.232190273896201,0.232190273896201
lcl|NC_001148.4_cds_NP_015357.1_5826,0.434434533119202,-0.362068682909012,9.5376969944064e-06,1.65125945521692e-05,0.434424996376038,0.434424996376038,-0.362085193833898,-0.362085193833898
lcl|NC_001148.4_cds_NP_015360.2_5829,4.82032108306885,0.683101773262024,7.91599388996325e-05,1.86587165986643e-05,4.82040023803711,4.82040023803711,0.683083099225276,0.683083099225276
lcl|NC_001148.4_cds_NP_015398.1_5863,0.749267876148224,-0.125364646315575,7.15327280643172e-06,5.90125198649893e-06,0.749275028705597,0.749275028705597,-0.12535874101204,-0.12535874101204
lcl|NC_001148.4_cds_NP_015405.1_5868,11.140606880188,1.04687798023224,0.000206965995187704,2.27709685149468e-05,11.1403999328613,11.1403999328613,1.04690078199724,1.04690078199724
lcl|NC_001148.4_cds_NP_015428.1_5887,1.53063154220581,0.184831097722054,0.000101579094437314,1.07449058314101e-05,1.53052997589111,1.53052997589111,0.184841839805039,0.184841839805039
lcl|NC_001148.4_cds_NP_015435.1_5895,1.59619879722595,0.203109860420227,4.12504972667093e-05,1.16542323693568e-05,1.59624004364014,1.59624004364014,0.203098201419078,0.203098201419078
lcl|NC_001148.4_cds_NP_015463.1_5919,0.555908560752869,-0.255001991987228,5.42437063007596e-06,9.59714641363887e-06,0.555913984775543,0.555913984775543,-0.254992400553175,-0.254992400553175
lcl|NC_001148.4_cds_NP_015486.1_5947,2.02409744262695,0.306236118078232,1.74056924827626e-05,8.43513082106333e-06,2.02408003807068,2.02408003807068,0.306227681786917,0.306227681786917
lcl|NC_001148.4_cds_NP_015491.1_5952,2.10187149047852,0.322624564170837,4.84049100951256e-05,8.4049199405058e-06,2.10191988945007,2.10191988945007,0.322616159726109,0.322616159726109
lcl|NC_001148.4_cds_NP_015507.1_5967,1.8788857460022,0.273889392614365,5.57939930442715e-05,1.90753938978724e-06,1.87882995605469,1.87882995605469,0.273887475955291,0.273887475955291
lcl|NC_001148.4_cds_NP_015508.1_5968,0.235309228301048,-0.62835818529129,3.77040385916976e-06,4.1130043475017e-06,0.23531299829483,0.23531299829483,-0.628354082463573,-0.628354082463573
lcl|NC_001148.4_cds_NP_015517.1_5977,1.89951324462891,0.278677403926849,9.68098201902511e-05,1.29353746992315e-05,1.89961004257202,1.89961004257202,0.27866445687865,0.27866445687865
lcl|NC_001148.4_cds_NP_015519.1_5979,0.552087187767029,-0.257980138063431,1.18025039729979e-05,2.92091980559213e-06,0.552098989486694,0.552098989486694,-0.257983047753457,-0.257983047753457
