GeneID,Mean,Mean.log10,Std.Dev,log10.Std.Dev,0.025,0.975,log10.0.025,log10.0.975
lcl|NC_001133.9_cds_NP_009347.1_17,2.05537176132202,0.312896192073822,3.31427887558109e-05,1.1922121243008e-06,2.05540490150452,2.05540490150452,0.31289738785086,0.31289738785086
lcl|NC_001133.9_cds_NP_009381.1_50,0.655345141887665,-0.183519676327705,2.45587795733263e-05,6.03567908184421e-06,0.655369699001312,0.655369699001312,-0.183513642082019,-0.183513642082019
lcl|NC_001134.8_cds_NP_009459.1_113,0.239247992634773,-0.621155083179474,6.15470130581215e-06,7.80880695957993e-06,0.2392418384552,0.2392418384552,-0.621162868908815,-0.621162868908815
lcl|NC_001134.8_cds_NP_009466.1_120,6.42342948913574,0.80780017375946,0.000268483444043834,5.13860748120957e-05,6.42316102981567,6.42316102981567,0.807748809992262,0.807748809992262
lcl|NC_001134.8_cds_NP_009481.1_132,8.62118625640869,0.935557126998901,0.000356714751875207,2.78969965221358e-05,8.62154293060303,8.62154293060303,0.935584995091907,0.935584995091907
lcl|NC_001134.8_cds_NP_660100.1_134,0.446998775005341,-0.34972470998764,2.18171892694036e-05,9.83561159741159e-06,0.446976959705353,0.446976959705353,-0.349714862842826,-0.349714862842826
lcl|NC_001134.8_cds_NP_009489.1_140,1.26611280441284,0.102472275495529,7.86860019730564e-06,2.57079168385486e-06,1.26610493659973,1.26610493659973,0.102469702124912,0.102469702124912
lcl|NC_001134.8_cds_NP_009508.1_158,2.57130861282349,0.410158157348633,9.70456515927735e-05,1.24584852874291e-05,2.57140564918518,2.57140564918518,0.410170593681421,0.410170593681421
lcl|NC_001134.8_cds_NP_009523.1_174,5.22656202316284,0.718245387077332,9.5376969944064e-06,3.00431615688232e-05,5.22655248641968,5.22655248641968,0.718215316053593,0.718215316053593
lcl|NC_001134.8_cds_NP_009530.1_182,1.01138877868652,0.00492099625989795,7.03401522017284e-06,1.55079213713194e-07,1.01139581203461,1.01139581203461,0.00492115098327056,0.00492115098327056
lcl|NC_001134.8_cds_NP_009537.1_189,0.253866285085678,-0.595438241958618,4.41118496830405e-06,3.57062652470555e-05,0.253861874341965,0.253861874341965,-0.595402517740638,-0.595402517740638
lcl|NC_001134.8_cds_NP_009576.1_227,1.2823805809021,0.108037747442722,7.05789594928649e-05,3.08481578673304e-06,1.28245115280151,1.28245115280151,0.108040832284622,0.108040832284622
lcl|NC_001134.8_cds_NP_009587.1_238,10.7566785812378,1.03169941902161,0.000555089528520983,4.36343785388071e-05,10.7561235427856,10.7561235427856,1.03165578180358,1.03165578180358
lcl|NC_001134.8_cds_NP_009590.1_241,2.10555815696716,0.323373436927795,0.00010801197529781,1.60945035653053e-05,2.1056661605835,2.1056661605835,0.323389517794863,0.323389517794863
lcl|NC_001134.8_cds_NP_009595.1_246,2.71508288383484,0.433815807104111,0.000112786080918143,1.46943630761172e-05,2.71519565582275,2.71519565582275,0.433801130124707,0.433801130124707
lcl|NC_001134.8_cds_NP_009602.1_253,0.672104239463806,-0.172589600086212,2.66458762903554e-05,9.01634120387789e-06,0.672077596187592,0.672077596187592,-0.172580581632808,-0.172580581632808
lcl|NC_001134.8_cds_NP_009611.1_261,0.202770575881004,-0.692942202091217,6.42325935151197e-06,3.91045580479255e-05,0.202776998281479,0.202776998281479,-0.692981310117696,-0.692981310117696
lcl|NC_001134.8_cds_NP_009635.1_286,3.09375023841858,0.490479737520218,7.86860019730564e-06,6.61658200150414e-06,3.09375810623169,3.09375810623169,0.490486354212862,0.490486354212862
lcl|NC_001134.8_cds_NP_009642.3_293,1.3388956785202,0.126765102148056,4.08937345161979e-05,5.09668693413822e-06,1.33893656730652,1.33893656730652,0.126760002612232,0.126760002612232
lcl|NC_001134.8_cds_NP_009644.3_296,0.669001638889313,-0.174561589956284,9.83561159741159e-06,4.84347644210577e-06,0.669011473655701,0.669011473655701,-0.174566433947231,-0.174566433947231
lcl|NC_001134.8_cds_NP_009655.2_306,0.392668396234512,-0.406005829572678,2.85840677391129e-05,1.490265155376e-07,0.392639815807343,0.392639815807343,-0.406005662686468,-0.406005662686468
lcl|NC_001134.8_cds_NP_009660.1_309,0.461939543485641,-0.335412412881851,2.36956354158747e-05,1.98207367259429e-05,0.46196323633194,0.46196323633194,-0.335392584819339,-0.335392584819339
lcl|NC_001134.8_cds_NP_009693.3_340,0.433929830789566,-0.362576723098755,1.19815957701826e-05,1.57671132842709e-05,0.433917850255966,0.433917850255966,-0.362592483753686,-0.362592483753686
lcl|NC_001134.8_cds_NP_009694.3_341,0.325197696685791,-0.487813770771027,1.1475004395575e-05,2.34269464788376e-05,0.32520917057991,0.32520917057991,-0.487837216226506,-0.487837216226506
lcl|NC_001134.8_cds_NP_009695.2_342,0.398096442222595,-0.400016605854034,1.60945035653053e-05,2.2473909131734e-05,0.398112535476685,0.398112535476685,-0.399994147453226,-0.399994147453226
lcl|NC_001134.8_cds_NP_009701.3_348,2.71869373321533,0.434331923723221,9.01326048244363e-05,1.3978831059305e-05,2.71860361099243,2.71860361099243,0.434345889416006,0.434345889416006
lcl|NC_001134.8_cds_NP_009713.1_360,1.00468683242798,0.00202245567925274,1.90753939888128e-05,9.77986516504336e-09,1.00466775894165,1.00466775894165,0.00202246542425278,0.00202246542425278
lcl|NC_001134.8_cds_NP_009748.3_394,10.1445465087891,1.00629878044128,0.000128756028522442,6.06828379685125e-05,10.1446752548218,10.1446752548218,1.00623814922089,1.00623814922089
lcl|NC_001134.8_cds_NP_009752.3_397,0.459202647209167,-0.338013291358948,2.5512552628553e-05,6.43794566051502e-06,0.459177136421204,0.459177136421204,-0.338019744680884,-0.338019744680884
lcl|NC_001134.8_cds_NP_009758.3_405,0.26469549536705,-0.57721871137619,1.02530242524907e-05,1.79426092549833e-05,0.264705747365952,0.264705747365952,-0.577236629071827,-0.577236629071827
lcl|NC_001134.8_cds_NP_009761.4_410,0.991851091384888,-0.00356224435381591,2.00888433853009e-05,7.54418695570694e-08,0.991831004619598,0.991831004619598,-0.00356231979491599,-0.00356231979491599
lcl|NC_001134.8_cds_NP_009772.1_420,0.262975722551346,-0.580078482627869,8.94159100803965e-08,6.02047310450521e-06,0.262975633144379,0.262975633144379,-0.58008449060224,-0.58008449060224
lcl|NC_001134.8_cds_NP_009782.3_431,0.150394842028618,-0.822753608226776,6.67638801040952e-06,5.78203128078843e-06,0.150401517748833,0.150401517748833,-0.822747781120593,-0.822747781120593
lcl|NC_001134.8_cds_NP_009804.1_452,1.10493731498718,0.0433154180645943,6.18756790631647e-05,2.09752690659246e-06,1.10487544536591,1.10487544536591,0.0433133219675625,0.0433133219675625
lcl|NC_001134.8_cds_NP_009806.3_454,1.08575618267059,0.0357198007404804,3.36196797620232e-05,9.35168446715347e-07,1.08572256565094,1.08572256565094,0.0357188642954311,0.0357188642954311
lcl|NC_001134.8_cds_NP_009831.3_479,0.33785405755043,-0.471292465925217,2.0476250522806e-05,4.70906349226577e-06,0.33783358335495,0.33783358335495,-0.471297180280763,-0.471297180280763
lcl|NC_001134.8_cds_NP_009842.1_489,2.24380087852478,0.350958853960037,7.79732246066298e-05,1.03718641772012e-05,2.24372291564941,2.24372291564941,0.350969223513481,0.350969223513481
lcl|NC_001135.5_cds_NP_009877.1_526,1.75485956668854,0.244223535060883,6.56922081118136e-05,2.57815607916933e-06,1.75479388237,1.75479388237,0.2442261116814,0.2442261116814
lcl|NC_001135.5_cds_NP_009899.1_547,0.448087006807327,-0.34863954782486,1.08487412601519e-05,8.61368362205034e-06,0.448076158761978,0.448076158761978,-0.34864816341472,-0.34864816341472
lcl|NC_001135.5_cds_NP_009975.1_623,0.421113342046738,-0.375616699457169,2.57517826420601e-05,1.08790200541473e-05,0.421087592840195,0.421087592840195,-0.375627554686174,-0.375627554686174
lcl|NC_001135.5_cds_NP_009985.1_632,0.560217976570129,-0.251661658287048,1.65713943779054e-05,5.84183961118426e-06,0.560201406478882,0.560201406478882,-0.251655805142493,-0.251655805142493
lcl|NC_001135.5_cds_NP_010006.1_652,0.637148141860962,-0.195752695202827,3.33819400520476e-06,9.16528509259936e-06,0.637144804000854,0.637144804000854,-0.195761854271004,-0.195761854271004
lcl|NC_001136.10_cds_NP_010046.1_691,0.756839871406555,-0.120977833867073,1.943273822978e-05,7.01174576394658e-06,0.756859302520752,0.756859302520752,-0.120984846811718,-0.120984846811718
lcl|NC_001136.10_cds_NP_010072.1_715,0.177964299917221,-0.749705016613007,7.43646817185969e-06,1.97315668693907e-05,0.177956864237785,0.177956864237785,-0.749685255521345,-0.749685255521345
lcl|NC_001136.10_cds_NP_010080.1_723,1.08736765384674,0.0363619551062584,3.38577008771525e-05,9.31392362986129e-07,1.08733379840851,1.08733379840851,0.0363628877413747,0.0363628877413747
lcl|NC_001136.10_cds_NP_010086.2_728,1.50107669830322,0.176405742764473,2.93276648597608e-05,5.63328780152727e-06,1.50110602378845,1.50110602378845,0.176411367739692,0.176411367739692
lcl|NC_001136.10_cds_NP_010145.1_732,10.6513814926147,1.0273551940918,0.000369103109107413,3.56480657072648e-05,10.6510124206543,10.6510124206543,1.0273908911368,1.0273908911368
lcl|NC_001136.10_cds_NP_010134.1_771,0.877658426761627,-0.0566745772957802,7.86860019730564e-06,3.78893237857528e-06,0.877650558948517,0.877650558948517,-0.0566783662447789,-0.0566783662447789
lcl|NC_001136.10_cds_NP_010141.1_778,1.64443242549896,0.215997487306595,8.23803011491254e-05,3.20403797467531e-06,1.64435005187988,1.64435005187988,0.21599427635302,0.21599427635302
lcl|NC_001136.10_cds_NP_010090.1_782,9.46902370452881,0.976357817649841,0.000411088598496766,3.37405232842533e-05,9.46943473815918,9.46943473815918,0.97632405530473,0.97632405530473
lcl|NC_001136.10_cds_NP_010181.2_817,1.02705013751984,0.0116119552403688,4.85228257963867e-05,2.05848502168074e-07,1.02709865570068,1.02709865570068,0.0116121608013952,0.0116121608013952
lcl|NC_001136.10_cds_NP_010199.1_834,3.09477615356445,0.490641355514526,0.00010300713056824,2.32481368540835e-06,3.09487915039062,3.09487915039062,0.490643695248483,0.490643695248483
lcl|NC_001136.10_cds_NP_010205.1_840,0.99579393863678,-0.00182956387288868,2.0863712727402e-06,4.79663663541529e-08,0.995796024799347,0.995796024799347,-0.00182961175322246,-0.00182961175322246
lcl|NC_001136.10_cds_NP_010239.1_870,0.369603037834167,-0.432264506816864,1.18926688168744e-05,1.39484982610679e-05,0.369591146707535,0.369591146707535,-0.43227844054207,-0.43227844054207
lcl|NC_001136.10_cds_NP_010241.1_872,0.426728963851929,-0.369873106479645,2.62589210050946e-05,1.49026519629917e-06,0.426702708005905,0.426702708005905,-0.369874600945962,-0.369874600945962
lcl|NC_001136.10_cds_NP_010242.1_873,0.46701592206955,-0.330688506364822,2.19367033433493e-05,2.08637125325298e-07,0.466993987560272,0.466993987560272,-0.330688710839039,-0.330688710839039
lcl|NC_001136.10_cds_NP_010254.1_881,0.177554830908775,-0.750679135322571,6.94458736616977e-06,2.86130912257269e-05,0.177561774849892,0.177561774849892,-0.75065052255824,-0.75065052255824
lcl|NC_001136.10_cds_NP_010262.1_888,4.15157318115234,0.618169069290161,0.000204587965947794,2.22351939769425e-05,4.15136861801147,4.15136861801147,0.618191297979969,0.618191297979969
lcl|NC_001136.10_cds_NP_010277.1_902,0.842821598052979,-0.074246771633625,4.13700664762121e-05,3.74067378686139e-06,0.842862963676453,0.842862963676453,-0.0742430291201056,-0.0742430291201056
lcl|NC_001136.10_cds_NP_010284.1_909,1.03027367591858,0.0129546970129013,4.53040619583049e-06,1.83492567653049e-07,1.03027820587158,1.03027820587158,0.0129545130162859,0.0129545130162859
lcl|NC_001136.10_cds_NP_010295.3_920,11.2684516906738,1.05179631710052,0.000559867998920213,4.63764858978347e-05,11.2678918838501,11.2678918838501,1.05184267125014,1.05184267125014
lcl|NC_001136.10_cds_NP_010315.1_939,3.14043378829956,0.49698868393898,5.96091112311122e-05,7.27239785434636e-06,3.14037418365479,3.14037418365479,0.496981398460033,0.496981398460033
lcl|NC_001136.10_cds_NP_010335.1_960,10.2549152374268,1.01093018054962,0.000351948504521573,1.68098398810116e-05,10.2552671432495,10.2552671432495,1.01094697794944,1.01094697794944
lcl|NC_001136.10_cds_NP_010363.1_987,0.151876032352448,-0.81854248046875,9.2697443557205e-06,5.82402520730018e-05,0.15188530087471,0.15188530087471,-0.818484254168121,-0.818484254168121
lcl|NC_001136.10_cds_NP_010372.3_997,0.702339172363281,-0.153457716107368,9.41812698453153e-06,1.22201743899767e-06,0.702329754829407,0.702329754829407,-0.153458931919063,-0.153458931919063
lcl|NC_001136.10_cds_NP_010373.3_998,0.317176133394241,-0.498684912919998,1.36208723023737e-05,4.05352135207902e-06,0.317189753055573,0.317189753055573,-0.498680851188302,-0.498680851188302
lcl|NC_001136.10_cds_NP_010376.3_1001,3.0976037979126,0.490987211465836,0.000128046252993132,2.07151988208267e-05,3.09747576713562,3.09747576713562,0.491007917391782,0.491007917391782
lcl|NC_001136.10_cds_NP_010386.1_1011,1.77932345867157,0.250256478786469,6.98654763792224e-05,1.5498380705447e-05,1.77939331531525,1.77939331531525,0.250271954711984,0.250271954711984
lcl|NC_001136.10_cds_NP_010443.3_1065,0.312736004590988,-0.50486296415329,1.44253876091464e-05,2.08037881961768e-05,0.312721580266953,0.312721580266953,-0.50484214796247,-0.50484214796247
lcl|NC_001136.10_cds_NP_010458.3_1081,0.10880234092474,-0.96337628364563,5.73731108219541e-07,1.68098398810116e-05,0.108802914619446,0.108802914619446,-0.963359470573613,-0.963359470573613
lcl|NC_001136.10_cds_NP_010475.1_1098,1.17448401451111,0.0698636770248413,4.78091420385953e-05,1.11022635605758e-06,1.17453181743622,1.17453181743622,0.06986478607728,0.06986478607728
lcl|NC_001136.10_cds_NP_010476.1_1099,1.31994664669037,0.120569959282875,4.64971556068953e-05,1.72124115801777e-06,1.31999313831329,1.31999313831329,0.120571673629775,0.120571673629775
lcl|NC_001136.10_cds_NP_010480.1_1102,1.25830829143524,0.099792942404747,2.40818924180208e-05,2.4290922787225e-06,1.25833237171173,1.25833237171173,0.0997953693564465,0.0997953693564465
lcl|NC_001136.10_cds_NP_010518.1_1141,1.78331387042999,0.251258581876755,0.000113619856160092,3.12945824158153e-06,1.78342747688293,1.78342747688293,0.251255453438912,0.251255453438912
lcl|NC_001136.10_cds_NP_010521.1_1144,0.172974765300751,-0.761976003646851,6.33357939175108e-06,2.53343175670043e-05,0.172981098294258,0.172981098294258,-0.76200134979017,-0.76200134979017
lcl|NC_001136.10_cds_NP_010542.1_1164,0.834292769432068,-0.0786513686180115,5.58567696866126e-05,1.08042064154269e-06,0.834348618984222,0.834348618984222,-0.0786524485636688,-0.0786524485636688
lcl|NC_001136.10_cds_NP_010566.1_1190,0.3422572016716,-0.465662121772766,8.97130462749164e-06,3.33819400520476e-06,0.342248231172562,0.342248231172562,-0.465658787734457,-0.465658787734457
lcl|NC_001136.10_cds_NP_010582.3_1205,0.248363375663757,-0.604959845542908,6.18458301812107e-06,3.66004992425328e-05,0.248357191681862,0.248357191681862,-0.604923259616706,-0.604923259616706
lcl|NC_001136.10_cds_NP_010587.1_1210,0.683665990829468,-0.165142208337784,3.97609599898669e-05,1.14303246801815e-05,0.683705747127533,0.683705747127533,-0.165130769470616,-0.165130769470616
lcl|NC_001136.10_cds_NP_010604.4_1229,0.164931267499924,-0.782711029052734,2.84637106436835e-06,2.1519660404905e-05,0.164934113621712,0.164934113621712,-0.782689509149794,-0.782689509149794
lcl|NC_001136.10_cds_NP_010621.1_1246,0.440213531255722,-0.356321156024933,2.62589210050946e-05,1.04317048715306e-05,0.440239787101746,0.440239787101746,-0.356310710219977,-0.356310710219977
lcl|NC_001136.10_cds_NP_010628.3_1252,2.33854246139526,0.368922293186188,7.55852878691949e-05,8.9412706254254e-06,2.33846688270569,2.33846688270569,0.368931223823305,0.368931223823305
lcl|NC_001136.10_cds_NP_010673.1_1300,9.905930519104,0.995895385742188,0.00058750065481681,2.5870749398463e-05,9.9053430557251,9.9053430557251,0.995869521230285,0.995869521230285
lcl|NC_001136.10_cds_NP_010682.3_1309,1.72946858406067,0.237904563546181,6.68852360087252e-05,8.67327388314036e-06,1.72940170764923,1.72940170764923,0.237895883471726,0.237895883471726
lcl|NC_001136.10_cds_NP_010707.3_1330,0.130305558443069,-0.885039150714874,3.41280384074776e-06,9.2394788618061e-06,0.130302146077156,0.130302146077156,-0.885048431395694,-0.885048431395694
lcl|NC_001136.10_cds_NP_010715.3_1337,1.18558895587921,0.0739645734429359,7.59432209058666e-05,2.61540518146558e-06,1.18566489219666,1.18566489219666,0.0739619605000418,0.0739619605000418
lcl|NC_001136.10_cds_NP_010759.1_1376,4.98388338088989,0.697526633739471,0.000108729745126135,3.17719297363915e-05,4.98377466201782,4.98377466201782,0.69755839776536,0.69755839776536
lcl|NC_001136.10_cds_NP_010787.3_1402,0.12548865377903,-0.90136992931366,2.69740248490814e-06,1.62735920122433e-05,0.125491350889206,0.125491350889206,-0.90138620558161,-0.90138620558161
lcl|NC_001136.10_cds_NP_010819.1_1433,0.343148320913315,-0.464497119188309,1.74663690948056e-05,1.10279624207601e-06,0.343165785074234,0.343165785074234,-0.464496019466109,-0.464496019466109
lcl|NC_001136.10_cds_NP_010822.1_1436,1.47694718837738,0.169357791543007,4.42315111238522e-05,5.82711618467838e-06,1.47690296173096,1.47690296173096,0.169351961412671,0.169351961412671
lcl|NC_001136.10_cds_NP_010829.1_1441,0.408081531524658,-0.389257729053497,6.58715206937837e-06,1.16836792223685e-05,0.408088117837906,0.408088117837906,-0.389246050246469,-0.389246050246469
lcl|NC_001137.3_cds_NP_010864.3_1472,1.15670526027679,0.0632049515843391,3.7434804392888e-05,3.70343709456504e-06,1.15666782855988,1.15666782855988,0.0632086563278877,0.0632086563278877
lcl|NC_001137.3_cds_NP_010866.1_1474,0.433464586734772,-0.363038748502731,1.40084924610181e-06,6.22924264371457e-06,0.433465987443924,0.433465987443924,-0.363044974415998,-0.363044974415998
lcl|NC_001137.3_cds_NP_010890.3_1497,2.65135288238525,0.42345780134201,5.38864332345758e-05,8.94159100803965e-07,2.65129899978638,2.65129899978638,0.423458707980136,0.423458707980136
lcl|NC_001137.3_cds_NP_010897.1_1504,0.245290160179138,-0.610332310199738,8.86726695305944e-06,2.81360608806914e-05,0.245299026370049,0.245299026370049,-0.610304175572475,-0.610304175572475
lcl|NC_001137.3_cds_NP_010903.3_1510,1.26220643520355,0.101129449903965,9.41812698453153e-06,2.29492443287816e-06,1.26219701766968,1.26219701766968,0.101127149685111,0.101127149685111
lcl|NC_001137.3_cds_NP_010914.3_1521,1.05145013332367,0.0217971708625555,2.01480740721032e-05,1.69511582189874e-07,1.0514702796936,1.0514702796936,0.0217970016562123,0.0217970016562123
lcl|NC_001137.3_cds_NP_010924.1_1531,0.553291618824005,-0.25704288482666,3.27858339349787e-06,4.76884847446811e-07,0.553294897079468,0.553294897079468,-0.257043335172524,-0.257043335172524
lcl|NC_001137.3_cds_NP_010939.1_1547,0.46763613820076,-0.330078184604645,1.31444966458771e-05,1.54987579027223e-06,0.467649281024933,0.467649281024933,-0.330079729012654,-0.330079729012654
lcl|NC_001137.3_cds_NP_010946.3_1554,0.207090705633163,-0.683838963508606,4.81349205227837e-06,1.04914668195101e-05,0.207085892558098,0.207085892558098,-0.683849485813725,-0.683849485813725
lcl|NC_001137.3_cds_NP_010977.2_1587,8.86212921142578,0.947546005249023,8.58392743238677e-05,1.21605635569566e-05,8.8620433807373,8.8620433807373,0.947533871623005,0.947533871623005
lcl|NC_001137.3_cds_NP_010990.1_1599,0.828109860420227,-0.0819379016757011,4.50663024122182e-05,2.22045271211516e-06,0.828064799308777,0.828064799308777,-0.0819356766437501,-0.0819356766437501
lcl|NC_001137.3_cds_NP_010993.1_1602,2.71851181983948,0.434324473142624,0.00010372472143434,9.80625445686725e-06,2.71840810775757,2.71840810775757,0.434314656827031,0.434314656827031
lcl|NC_001137.3_cds_NP_011001.1_1611,0.74223804473877,-0.129454344511032,1.12665756030545e-05,4.14284859447636e-06,0.742249310016632,0.742249310016632,-0.129450197445099,-0.129450197445099
lcl|NC_001137.3_cds_NP_011021.3_1631,1.05322027206421,0.0225138273090124,1.56176139191599e-05,1.05624560074307e-06,1.05320465564728,1.05320465564728,0.0225127702189276,0.0225127702189276
lcl|NC_001137.3_cds_NP_011028.1_1637,7.83438587188721,0.894031763076782,6.72393595240464e-05,3.05206302365959e-05,7.8343186378479,7.8343186378479,0.894001231220639,0.894001231220639
lcl|NC_001137.3_cds_NP_011037.3_1646,1.61706387996674,0.208691626787186,0.000116239571707099,4.33663694157018e-06,1.61694765090942,1.61694765090942,0.208695959739926,0.208695959739926
lcl|NC_001137.3_cds_NP_011042.3_1651,6.56687021255493,0.817382872104645,0.000377680127135932,5.36495460482379e-07,6.56724786758423,6.56724786758423,0.817383408170125,0.817383408170125
lcl|NC_001137.3_cds_NP_011052.1_1660,2.20934104919434,0.344267249107361,7.89262674775629e-05,1.10278169938565e-05,2.20941996574402,2.20941996574402,0.344278274255282,0.344278274255282
lcl|NC_001137.3_cds_NP_011057.1_1665,6.99181699752808,0.844537794589996,0.000314272610118846,3.27264460714806e-05,6.99150276184082,6.99150276184082,0.844570533546873,0.844570533546873
lcl|NC_001137.3_cds_NP_011091.1_1702,0.802489459514618,-0.0955587103962898,9.12025590650825e-06,6.89237954921012e-06,0.802480340003967,0.802480340003967,-0.0955655985896069,-0.0955655985896069
lcl|NC_001137.3_cds_NP_011098.3_1709,0.539301931858063,-0.26818773150444,1.7108144941456e-05,5.93118687838922e-06,0.539284825325012,0.539284825325012,-0.26818179994238,-0.26818179994238
lcl|NC_001137.3_cds_NP_011099.1_1710,0.294180989265442,-0.531405925750732,1.15344721596067e-05,3.45741523855561e-06,0.294169455766678,0.294169455766678,-0.531402422977076,-0.531402422977076
lcl|NC_001137.3_cds_NP_011102.3_1713,0.479652881622314,-0.319084316492081,2.38442423723405e-07,1.15941214744587e-05,0.479653120040894,0.479653120040894,-0.31907272619216,-0.31907272619216
lcl|NC_001138.5_cds_NP_116594.1_1739,0.372916430234909,-0.42843896150589,2.16686991758228e-05,2.52446495325065e-05,0.372894763946533,0.372894763946533,-0.428413714801988,-0.428413714801988
lcl|NC_001138.5_cds_NP_116614.1_1759,7.91928052902222,0.898703992366791,0.000111113397858716,1.21605635569566e-05,7.91939163208008,7.91939163208008,0.898691820354813,0.898691820354813
lcl|NC_001138.5_cds_NP_116615.1_1760,1.25992381572723,0.100372195243835,7.71344471461944e-05,1.32628779372352e-06,1.26000094413757,1.26000094413757,0.100370870541043,0.100370870541043
lcl|NC_001138.5_cds_NP_116635.1_1780,1.88313126564026,0.274866074323654,7.3795843083819e-05,2.47374809061352e-06,1.88305747509003,1.88305747509003,0.274863575849648,0.274863575849648
lcl|NC_001138.5_cds_NP_116640.1_1785,5.77396392822266,0.761477947235107,0.000287565547548269,1.77636216969213e-05,5.77425146102905,5.77425146102905,0.761495692907944,0.761495692907944
lcl|NC_001138.5_cds_NP_116650.1_1794,1.40760111808777,0.148458272218704,4.6616929477427e-05,6.94458736616977e-06,1.40755450725555,1.40755450725555,0.148465221812517,0.148465221812517
lcl|NC_001138.5_cds_NP_116659.1_1804,1.24267506599426,0.0943541377782822,1.43065456128634e-05,1.54987579027223e-06,1.24266076087952,1.24266076087952,0.0943525849680227,0.0943525849680227
lcl|NC_001138.5_cds_NP_116660.1_1805,0.151307448744774,-0.820083618164062,6.11023047097645e-06,3.85079364182269e-05,0.151313558220863,0.151313558220863,-0.820122155937863,-0.820122155937863
lcl|NC_001138.5_cds_NP_116662.1_1807,0.544450879096985,-0.264035820960999,1.56176139191599e-05,6.97424913053394e-06,0.544466495513916,0.544466495513916,-0.264028839987395,-0.264028839987395
lcl|NC_001138.5_cds_NP_116708.1_1854,0.670166313648224,-0.173823639750481,6.49735991062525e-06,1.04317048715306e-05,0.670172810554504,0.670172810554504,-0.173813195816886,-0.173813195816886
lcl|NC_001138.5_cds_NP_116711.3_1857,4.29552412033081,0.633041739463806,7.2962047252066e-05,1.81811410482327e-05,4.29559707641602,4.29559707641602,0.633023538125452,0.633023538125452
lcl|NC_001139.9_cds_NP_011261.1_1872,6.10885763168335,0.785901606082916,0.000373877735115793,3.18329646125585e-05,6.10848379135132,6.10848379135132,0.785933425829339,0.785933425829339
lcl|NC_001139.9_cds_NP_011266.1_1877,0.183409839868546,-0.736573278903961,3.14453906134949e-06,1.15047067375148e-05,0.183406695723534,0.183406695723534,-0.736584813362279,-0.736584813362279
lcl|NC_001139.9_cds_NP_011276.1_1886,1.23864781856537,0.092948243021965,1.50215807844116e-05,5.6703281072219e-06,1.23863279819489,1.23863279819489,0.092942575662626,0.092942575662626
lcl|NC_001139.9_cds_NP_011281.1_1891,0.555154383182526,-0.25561448931694,2.8256063416462e-05,6.16963157346608e-06,0.555126130580902,0.555126130580902,-0.2556083293246,-0.2556083293246
lcl|NC_001139.9_cds_NP_011302.1_1909,0.805116653442383,-0.0941694676876068,4.53024856566249e-05,3.83738557986633e-06,0.805071353912354,0.805071353912354,-0.0941656261699103,-0.0941656261699103
lcl|NC_001139.9_cds_NP_011305.1_1912,0.662593841552734,-0.178768679499626,1.68702616421267e-05,5.02221084632521e-06,0.662576973438263,0.662576973438263,-0.178763661243778,-0.178763661243778
lcl|NC_001139.9_cds_NP_011314.2_1921,1.04653298854828,0.0197530910372734,2.98053039259834e-06,1.069259058841e-06,1.04653596878052,1.04653596878052,0.0197541593583687,0.0197541593583687
lcl|NC_001139.9_cds_NP_011326.1_1933,9.15121269226074,0.961436212062836,0.000233680342414468,3.13557770726815e-05,9.15097904205322,9.15097904205322,0.961467560712926,0.961467560712926
lcl|NC_001139.9_cds_NP_011341.3_1946,0.1359633654356,-0.86664491891861,6.94458736616977e-06,4.46478676542011e-05,0.135956421494484,0.135956421494484,-0.866600274992567,-0.866600274992567
lcl|NC_001139.9_cds_NP_011359.1_1963,0.885434091091156,-0.0528557486832142,2.15792198792651e-05,1.40084924610181e-06,0.885412514209747,0.885412514209747,-0.0528543440989475,-0.0528543440989475
lcl|NC_001139.9_cds_NP_011367.1_1970,2.84982085227966,0.454832673072815,5.67477676254269e-05,6.46768734961576e-06,2.84987759590149,2.84987759590149,0.454826207178284,0.454826207178284
lcl|NC_001139.9_cds_NP_116577.1_1973,0.699893355369568,-0.154983684420586,2.98045556155561e-05,2.93588108244878e-06,0.69986355304718,0.69986355304718,-0.154986622749826,-0.154986622749826
lcl|NC_001139.9_cds_NP_011395.1_1997,1.44095063209534,0.158672943711281,6.41409886177966e-05,4.51547983025798e-06,1.44101476669312,1.44101476669312,0.158668431237637,0.158668431237637
lcl|NC_001139.9_cds_NP_011400.1_2002,0.755612134933472,-0.121705330908298,1.3293041124781e-05,3.39044219476257e-06,0.755598843097687,0.755598843097687,-0.121708715700807,-0.121708715700807
lcl|NC_001139.9_cds_NP_011404.1_2006,0.261795461177826,-0.582035303115845,6.0506137618907e-06,1.26374487238344e-05,0.261789411306381,0.261789411306381,-0.582047923500346,-0.582047923500346
lcl|NC_001139.9_cds_NP_011421.1_2021,0.47645765542984,-0.321992248296738,1.44253876091464e-05,3.39780453519171e-06,0.476443231105804,0.476443231105804,-0.321988838753334,-0.321988838753334
lcl|NC_001139.9_cds_NP_011467.1_2063,1.62893652915955,0.211917072534561,7.89262674775629e-05,8.13679600612163e-06,1.62901544570923,1.62901544570923,0.211925202144289,0.211925202144289
lcl|NC_001139.9_cds_NP_011468.1_2064,0.260489046573639,-0.584228157997131,6.79560907038342e-06,6.25891648316306e-06,0.260482251644135,0.260482251644135,-0.584221862673892,-0.584221862673892
lcl|NC_001139.9_cds_NP_011488.1_2083,0.751216769218445,-0.124247215688229,1.91349158139128e-05,1.42318553218418e-06,0.751197636127472,0.751197636127472,-0.124245787379872,-0.124245787379872
lcl|NC_001139.9_cds_NP_011493.1_2087,1.70958256721497,0.232907474040985,3.9225017827469e-05,7.42159243582946e-06,1.70962178707123,1.70962178707123,0.232900043751544,0.232900043751544
lcl|NC_001139.9_cds_NP_011499.1_2093,1.01298928260803,0.00559619348496199,1.97899847249081e-05,1.73237196058887e-07,1.01296949386597,1.01296949386597,0.005596366539779,0.005596366539779
lcl|NC_001139.9_cds_NP_011542.3_2138,0.232462406158447,-0.633623540401459,7.15327280643172e-06,3.7078977422882e-05,0.232455253601074,0.232455253601074,-0.633660634104797,-0.633660634104797
lcl|NC_001139.9_cds_NP_011577.3_2176,0.454485058784485,-0.342494934797287,1.490265155376e-07,1.46943630761172e-05,0.454485207796097,0.454485207796097,-0.342480247265058,-0.342480247265058
lcl|NC_001139.9_cds_NP_011589.3_2185,0.397120177745819,-0.40103206038475,1.69288504385762e-05,2.74811289457619e-05,0.397137105464935,0.397137105464935,-0.401059533873339,-0.401059533873339
lcl|NC_001139.9_cds_NP_011604.3_2200,1.13899302482605,0.0565054304897785,3.9225017827469e-05,6.81787164668862e-07,1.13895380496979,1.13895380496979,0.0565061098090729,0.0565061098090729
lcl|NC_001139.9_cds_NP_011605.1_2201,0.385254412889481,-0.414216071367264,6.49735991062525e-06,2.89712365616029e-05,0.385260909795761,0.385260909795761,-0.414245054109839,-0.414245054109839
lcl|NC_001139.9_cds_NP_011609.2_2205,0.378635764122009,-0.421780169010162,1.35014969122263e-05,1.36808287433575e-05,0.378622263669968,0.378622263669968,-0.42179385232486,-0.42179385232486
lcl|NC_001139.9_cds_NP_011631.1_2225,1.34085762500763,0.127404823899269,8.30965334897491e-05,4.75392347016304e-06,1.34094071388245,1.34094071388245,0.127409577103739,0.127409577103739
lcl|NC_001139.9_cds_NP_011633.3_2227,7.96103668212891,0.900933623313904,0.00034573123287479,5.48402109267764e-05,7.9613823890686,7.9613823890686,0.900988483795292,0.900988483795292
lcl|NC_001139.9_cds_NP_011656.3_2248,0.188704386353493,-0.72429621219635,1.11473359961002e-05,5.25779865835085e-05,0.18869324028492,0.18869324028492,-0.724243657649282,-0.724243657649282
lcl|NC_001139.9_cds_NP_011695.1_2292,0.12133265286684,-0.916019022464752,6.15470130581215e-06,2.53343175670043e-05,0.121326498687267,0.121326498687267,-0.916044335350898,-0.916044335350898
lcl|NC_001139.9_cds_NP_011703.3_2299,0.992486834526062,-0.00327299581840634,5.36495464524173e-06,9.77955700494227e-08,0.992492198944092,0.992492198944092,-0.00327289813547573,-0.00327289813547573
lcl|NC_001139.9_cds_NP_011734.3_2330,1.39732503890991,0.145268991589546,6.27115541453631e-05,8.97130462749164e-06,1.39726233482361,1.39726233482361,0.145277952191813,0.145277952191813
lcl|NC_001139.9_cds_NP_011750.1_2343,1.90957283973694,0.280925661325455,1.35912181407668e-05,7.48134757372278e-06,1.90955924987793,1.90955924987793,0.280933138224303,0.280933138224303
lcl|NC_001139.9_cds_NP_011803.3_2393,1.97353279590607,0.295206308364868,0.000121485141658272,1.13256214141562e-05,1.97341132164001,1.97341132164001,0.295217615460339,0.295217615460339
lcl|NC_001140.6_cds_NP_011830.1_2417,10.9483232498169,1.0393613576889,0.000309009897705756,2.5989439642501e-05,10.9480142593384,10.9480142593384,1.03933535438916,1.03933535438916
lcl|NC_001140.6_cds_NP_011871.1_2461,4.79686450958252,0.68092292547226,9.72845084556525e-05,2.56930374060479e-05,4.79676723480225,4.79676723480225,0.680948644650261,0.680948644650261
lcl|NC_001140.6_cds_NP_011874.1_2465,8.24883460998535,0.916451930999756,0.000129712683266529,5.25178420101893e-05,8.24896430969238,8.24896430969238,0.916399424571607,0.916399424571607
lcl|NC_001140.6_cds_NP_011889.1_2481,0.677002251148224,-0.169415384531021,6.19950316108894e-06,9.47792410710664e-06,0.677008450031281,0.677008450031281,-0.169405910666326,-0.169405910666326
lcl|NC_001140.6_cds_NP_011892.1_2484,1.46142792701721,0.164791136980057,2.64663280060166e-05,5.8567366197094e-06,1.46145439147949,1.46145439147949,0.164785266605632,0.164785266605632
lcl|NC_001140.6_cds_NP_011902.1_2494,1.03789341449738,0.0161337461322546,4.59000175823001e-05,1.95591140098845e-07,1.0378475189209,1.0378475189209,0.0161335514356834,0.0161335514356834
lcl|NC_001140.6_cds_NP_011907.1_2499,0.116753980517387,-0.932778716087341,5.33518279547158e-06,3.05801853660916e-05,0.11674864590168,0.11674864590168,-0.932748147856828,-0.932748147856828
lcl|NC_001140.6_cds_NP_011908.1_2500,1.8209582567215,0.260327994823456,6.71208610109586e-05,1.19815957701826e-05,1.82102537155151,1.82102537155151,0.260315996672493,0.260315996672493
lcl|NC_001140.6_cds_NP_011936.1_2528,0.433500379323959,-0.363011240959167,5.81214445086191e-06,6.55716678699573e-06,0.433506190776825,0.433506190776825,-0.363004696109303,-0.363004696109303
lcl|NC_001140.6_cds_NP_011967.1_2560,0.453635632991791,-0.343263536691666,2.23239338271006e-05,7.92802913081718e-06,0.453657954931259,0.453657954931259,-0.343271469328839,-0.343271469328839
lcl|NC_001140.6_cds_NP_011985.1_2578,0.851620972156525,-0.0697240903973579,5.94315847721897e-05,7.37656498312367e-07,0.851680397987366,0.851680397987366,-0.0697233482269323,-0.0697233482269323
lcl|NC_001140.6_cds_NP_012018.1_2611,0.651440024375916,-0.186099603772163,2.74201054633882e-05,7.68958393773152e-06,0.651467442512512,0.651467442512512,-0.18610728354383,-0.18610728354383
lcl|NC_001140.6_cds_NP_012035.1_2628,0.576883912086487,-0.238933444023132,2.73616574867151e-05,1.26667847769997e-06,0.576856553554535,0.576856553554535,-0.238932169071077,-0.238932169071077
lcl|NC_001140.6_cds_NP_012041.1_2634,0.510821640491486,-0.291737854480743,9.2394788618061e-06,1.49921534548293e-05,0.510830879211426,0.510830879211426,-0.291722857951714,-0.291722857951714
lcl|NC_001140.6_cds_NP_012042.1_2635,0.350377023220062,-0.455431699752808,2.07437283544024e-05,6.97424913053394e-06,0.350397765636444,0.350397765636444,-0.455438671838594,-0.455438671838594
lcl|NC_001141.2_cds_NP_012104.1_2700,2.70920586585999,0.432859510183334,3.02814446832708e-05,1.26671587835022e-05,2.70923614501953,2.70923614501953,0.432846861072009,0.432846861072009
lcl|NC_001141.2_cds_NP_012106.1_2702,0.850362479686737,-0.0703839734196663,2.01480740721032e-05,1.65414550037603e-06,0.850382626056671,0.850382626056671,-0.0703856213502291,-0.0703856213502291
lcl|NC_001141.2_cds_NP_012113.1_2710,0.15861189365387,-0.799622893333435,5.0072909645022e-06,5.50797170565686e-05,0.158606886863708,0.158606886863708,-0.799677959124526,-0.799677959124526
lcl|NC_001141.2_cds_NP_012123.1_2720,1.05325841903687,0.0225466210395098,3.08784456755761e-05,1.05061499256322e-06,1.05328929424286,1.05328929424286,0.0225476699868938,0.0225476699868938
lcl|NC_001141.2_cds_NP_012157.3_2754,1.72121500968933,0.235837310552597,1.83593954630253e-05,6.81043615118684e-06,1.72119665145874,1.72119665145874,0.23583049250324,0.23583049250324
lcl|NC_001141.2_cds_NP_012189.2_2786,1.34631156921387,0.129156142473221,5.38864332345758e-05,6.82560768149552e-06,1.34636545181274,1.34636545181274,0.129162958969262,0.129162958969262
lcl|NC_001141.2_cds_NP_012190.1_2787,1.09263396263123,0.0384724177420139,8.3454850130119e-07,1.94485163424197e-06,1.0926331281662,1.0926331281662,0.0384743639999657,0.0384743639999657
lcl|NC_001141.2_cds_NP_012194.1_2792,1.34653162956238,0.129188746213913,8.71502358525388e-05,2.83150387239406e-07,1.34644448757172,1.34644448757172,0.12918845263185,0.12918845263185
lcl|NC_001141.2_cds_NP_012196.1_2794,0.209672048687935,-0.678452730178833,1.31444966458771e-05,2.05060485049814e-05,0.209685191512108,0.209685191512108,-0.678432239404312,-0.678432239404312
lcl|NC_001141.2_cds_NP_012203.1_2801,0.716011166572571,-0.145084872841835,1.73465477662807e-05,5.8567366197094e-06,0.715993821620941,0.715993821620941,-0.145090725244532,-0.145090725244532
lcl|NC_001141.2_cds_NP_012211.2_2807,7.26304626464844,0.861098647117615,0.000274208381089016,3.7553951961029e-06,7.26277208328247,7.26277208328247,0.861102415560837,0.861102415560837
lcl|NC_001141.2_cds_NP_012212.1_2808,9.95991134643555,0.998235464096069,0.000252754042598074,9.00103336011226e-06,9.9596586227417,9.9596586227417,0.998244452801174,0.998244452801174
lcl|NC_001141.2_cds_NP_012229.1_2826,0.61547726392746,-0.210804104804993,1.31143335739915e-05,6.85502636584705e-06,0.615464150905609,0.615464150905609,-0.21079723845532,-0.21079723845532
lcl|NC_001141.2_cds_NP_012238.1_2833,0.68451201915741,-0.164626985788345,2.05060485049814e-05,4.96253483882221e-06,0.684491515159607,0.684491515159607,-0.164631930937152,-0.164631930937152
lcl|NC_001141.2_cds_NP_012243.3_2837,0.75342208147049,-0.122948631644249,2.41427163273768e-05,8.94159100803965e-07,0.753446221351624,0.753446221351624,-0.122947740832754,-0.122947740832754
lcl|NC_001141.2_cds_NP_012256.1_2850,0.157650083303452,-0.802293598651886,4.3665922737014e-06,2.42614128981934e-05,0.157645717263222,0.157645717263222,-0.802317823166725,-0.802317823166725
lcl|NC_001141.2_cds_NP_012273.1_2868,0.48820286989212,-0.311400860548019,4.14284859447636e-06,4.88806975599069e-06,0.488207012414932,0.488207012414932,-0.311395986837638,-0.311395986837638
lcl|NC_001141.2_cds_NP_012295.1_2891,0.553448557853699,-0.256948858499527,2.38442431407867e-05,7.39171524635082e-06,0.553424715995789,0.553424715995789,-0.256941449132741,-0.256941449132741
lcl|NC_001142.9_cds_NP_012341.1_2930,0.342070668935776,-0.465842127799988,1.46943630761172e-05,2.33968540998703e-05,0.342085361480713,0.342085361480713,-0.46586550974996,-0.46586550974996
lcl|NC_001142.9_cds_NP_012382.2_2967,1.0859397649765,0.0358121171593666,1.38296609542224e-05,8.49451133797928e-07,1.08595359325409,1.08595359325409,0.0358112666669194,0.0358112666669194
lcl|NC_001142.9_cds_NP_012409.1_2993,0.158385008573532,-0.800293684005737,5.4693852765657e-06,7.27239785434636e-06,0.158379539847374,0.158379539847374,-0.800300923158825,-0.800300923158825
lcl|NC_001142.9_cds_NP_012410.1_2994,0.308847993612289,-0.510248064994812,1.97315668693907e-05,2.06252486333547e-05,0.30886772274971,0.30886772274971,-0.510227473906743,-0.510227473906743
lcl|NC_001142.9_cds_NP_012436.1_3018,0.136696964502335,-0.86425769329071,4.90312722843362e-06,9.53769694893621e-07,0.136692062020302,0.136692062020302,-0.864256705043573,-0.864256705043573
lcl|NC_001142.9_cds_NP_012439.2_3021,1.0042450428009,0.00184878159780055,2.09829336390202e-05,1.17587365322367e-08,1.00426602363586,1.00426602363586,0.0018487698745762,0.0018487698745762
lcl|NC_001142.9_cds_NP_012454.1_3035,0.386482238769531,-0.412843257188797,1.70184341254046e-05,8.0771849573706e-06,0.386499255895615,0.386499255895615,-0.412851337866587,-0.412851337866587
lcl|NC_001142.9_cds_NP_012475.3_3056,1.41636478900909,0.15114364027977,7.65396632556513e-05,8.01762357722457e-06,1.4162882566452,1.4162882566452,0.151151654151601,0.151151654151601
lcl|NC_001142.9_cds_NP_012485.1_3067,1.35940432548523,0.133362099528313,4.85228257963867e-05,2.05650217375085e-06,1.35945284366608,1.35945284366608,0.133364147494829,0.133364147494829
lcl|NC_001142.9_cds_NP_012520.1_3097,1.74424982070923,0.241628229618073,9.76403769360551e-05,4.7688484972032e-06,1.74434745311737,1.74434745311737,0.241632995471641,0.241632995471641
lcl|NC_001142.9_cds_NP_012524.3_3101,0.800781309604645,-0.0964889898896217,2.0863712727402e-06,4.05352135207902e-06,0.800783395767212,0.800783395767212,-0.0964849405255371,-0.0964849405255371
lcl|NC_001142.9_cds_NP_012540.3_3117,2.91868829727173,0.465173929929733,0.000116840171207234,3.60634690228661e-06,2.91857147216797,2.91857147216797,0.465170333105521,0.465170333105521
lcl|NC_001142.9_cds_NP_012543.3_3120,2.52830505371094,0.402830213308334,5.57939930442715e-05,1.0342516619053e-05,2.52824926376343,2.52824926376343,0.402819889444353,0.402819889444353
lcl|NC_001142.9_cds_NP_012569.1_3143,0.224975511431694,-0.647887468338013,1.37104395895933e-06,2.00888433853009e-05,0.224974140524864,0.224974140524864,-0.647867398656546,-0.647867398656546
lcl|NC_001142.9_cds_NP_012576.1_3148,0.313514560461044,-0.503686904907227,1.48729363437194e-05,3.48113849655252e-05,0.313529431819916,0.313529431819916,-0.503721684571639,-0.503721684571639
lcl|NC_001142.9_cds_NP_012580.1_3152,0.320642173290253,-0.493991702795029,1.01039426053991e-05,1.34123866131043e-06,0.320632070302963,0.320632070302963,-0.493993040749701,-0.493993040749701
lcl|NC_001142.9_cds_NP_012585.1_3157,0.970263361930847,-0.0130881406366825,4.94766641449686e-05,8.47557910949369e-08,0.970312833786011,0.970312833786011,-0.0130882244106975,-0.0130882244106975
lcl|NC_001142.9_cds_NP_012596.3_3168,0.214358448982239,-0.668874263763428,8.39010762636982e-06,3.1891230062286e-05,0.214366838335991,0.214366838335991,-0.668842397344901,-0.668842397344901
lcl|NC_001142.9_cds_NP_012633.1_3203,0.228705152869225,-0.640701830387115,5.42437063007596e-06,3.25471840244865e-05,0.22869972884655,0.22869972884655,-0.640734350305875,-0.640734350305875
lcl|NC_001142.9_cds_NP_012636.1_3206,0.367791056632996,-0.434419572353363,1.27562763142765e-05,5.66281070707812e-06,0.367778301239014,0.367778301239014,-0.43441389752902,-0.43441389752902
lcl|NC_001143.9_cds_NP_012710.1_3278,1.43311202526093,0.156292289495468,2.47980126443558e-05,4.61973943090305e-06,1.43313682079315,1.43313682079315,0.156287654234723,0.156287654234723
lcl|NC_001143.9_cds_NP_012712.1_3280,1.46337902545929,0.165348738431931,1.1922121243008e-06,8.44996480594457e-06,1.46338021755219,1.46338021755219,0.165357179803569,0.165357179803569
lcl|NC_001143.9_cds_NP_012716.1_3284,0.140093728899956,-0.853530049324036,3.32326028119524e-06,4.10120970099629e-05,0.140097051858902,0.140097051858902,-0.853571003721237,-0.853571003721237
lcl|NC_001143.9_cds_NP_012719.2_3287,0.75103896856308,-0.12432387471199,2.95668609854033e-05,3.44248231603554e-06,0.751068532466888,0.751068532466888,-0.124320433283101,-0.124320433283101
lcl|NC_001143.9_cds_NP_012735.1_3301,0.219284370541573,-0.658992528915405,3.51700761008642e-06,6.73580415432198e-06,0.219280853867531,0.219280853867531,-0.658999286346545,-0.658999286346545
lcl|NC_001143.9_cds_NP_012739.1_3306,3.16601228713989,0.500493288040161,3.6481023626033e-05,1.43065456128634e-05,3.16597580909729,3.16597580909729,0.500507592138562,0.500507592138562
lcl|NC_001143.9_cds_NP_012748.1_3314,0.198775842785835,-0.701660394668579,1.32034615363083e-05,4.82827965165244e-06,0.198762640357018,0.198762640357018,-0.701665242733173,-0.701665242733173
lcl|NC_001143.9_cds_NP_012751.1_3317,0.451422512531281,-0.345422923564911,1.64821022548525e-05,2.19967815325983e-05,0.451438993215561,0.451438993215561,-0.345400931286247,-0.345400931286247
lcl|NC_001143.9_cds_NP_012777.1_3338,1.81703186035156,0.259387522935867,3.9225017827469e-05,1.56176139191599e-05,1.81707108020782,1.81707108020782,0.259371916376962,0.259371916376962
lcl|NC_001143.9_cds_NP_012797.1_3357,0.350255370140076,-0.455571889877319,2.37546944246745e-05,1.3859936923184e-05,0.350279122591019,0.350279122591019,-0.455585746820808,-0.455585746820808
lcl|NC_001143.9_cds_NP_012832.1_3390,0.979489147663116,-0.00901004485785961,2.10424630903238e-05,3.44619281058016e-07,0.979468107223511,0.979468107223511,-0.00900970064151693,-0.00900970064151693
lcl|NC_001143.9_cds_NP_012856.1_3413,1.71812403202057,0.235035255551338,8.84630222477045e-05,3.11462132185728e-06,1.71803557872772,1.71803557872772,0.235032153374809,0.235032153374809
lcl|NC_001143.9_cds_NP_012866.1_3423,0.56356418132782,-0.249026536941528,2.54541363345832e-05,1.04616207258623e-05,0.563589632511139,0.563589632511139,-0.249037004534676,-0.249037004534676
lcl|NC_001143.9_cds_NP_012868.1_3425,0.413232177495956,-0.383789211511612,1.25178329663261e-05,3.48712456526697e-06,0.413244694471359,0.413244694471359,-0.383792713501472,-0.383792713501472
lcl|NC_001143.9_cds_NP_012889.3_3444,2.89426803588867,0.461513727903366,0.000160000639445076,1.01338033801975e-06,2.89410805702209,2.89410805702209,0.461514742295227,0.461514742295227
lcl|NC_001143.9_cds_NP_012897.3_3450,1.0434113740921,0.0184305962175131,6.04436909274462e-05,1.86283149537396e-07,1.0433509349823,1.0433509349823,0.0184304095691541,0.0184304095691541
lcl|NC_001143.9_cds_NP_012900.1_3453,0.509985327720642,-0.292478322982788,3.29040347800136e-05,7.9875970712835e-06,0.509952425956726,0.509952425956726,-0.292470337839704,-0.292470337839704
lcl|NC_001143.9_cds_NP_012927.3_3482,0.723091602325439,-0.140813305974007,2.14598185809669e-05,6.25891648316306e-06,0.72307014465332,0.72307014465332,-0.140819569983196,-0.140819569983196
lcl|NC_001143.9_cds_NP_012950.3_3504,0.406641066074371,-0.390754550695419,1.74364686709446e-05,1.55883507252886e-05,0.406658500432968,0.406658500432968,-0.390770145157642,-0.390770145157642
lcl|NC_001143.9_cds_NP_012969.1_3520,1.3598724603653,0.133507281541824,5.00713318653044e-05,6.88496463207108e-06,1.35992252826691,1.35992252826691,0.133514168293362,0.133514168293362
lcl|NC_001143.9_cds_NP_012974.1_3524,0.74433434009552,-0.128236040472984,1.31143335739915e-05,3.56170459352695e-06,0.744321227073669,0.744321227073669,-0.128239595317538,-0.128239595317538
lcl|NC_001143.9_cds_NP_012975.3_3525,0.231198579072952,-0.636002063751221,6.42325935151197e-06,2.48575532791183e-05,0.231192156672478,0.231192156672478,-0.636026903692869,-0.636026903692869
lcl|NC_001143.9_cds_NP_013002.3_3552,1.35159039497375,0.130859076976776,3.79116964284266e-05,1.8031734511433e-06,1.35162830352783,1.35162830352783,0.130857277463065,0.130857277463065
lcl|NC_001143.9_cds_NP_013005.1_3555,0.546648263931274,-0.262283802032471,1.8121624783322e-05,6.16963157346608e-06,0.546666383743286,0.546666383743286,-0.262277631437992,-0.262277631437992
lcl|NC_001143.9_cds_NP_013010.3_3560,0.506615221500397,-0.295290231704712,2.70639763490504e-05,8.34548509096079e-06,0.506642282009125,0.506642282009125,-0.295298568834877,-0.295298568834877
lcl|NC_001143.9_cds_NP_013012.3_3562,0.268591910600662,-0.570883989334106,2.89101564039422e-06,1.84201392860039e-05,0.268594801425934,0.268594801425934,-0.570902397229028,-0.570902397229028
lcl|NC_001144.5_cds_NP_013050.1_3600,4.70244741439819,0.67230749130249,0.000240827579211198,5.78203128078843e-06,4.7022066116333,4.7022066116333,0.67230170780059,0.67230170780059
lcl|NC_001144.5_cds_NP_013055.1_3604,11.0165128707886,1.04202818870544,0.000276587684234928,2.6824525964257e-05,11.0167894363403,11.0167894363403,1.04205504885038,1.04205504885038
lcl|NC_001144.5_cds_NP_013078.1_3625,0.581379771232605,-0.235525876283646,1.69889159211954e-05,1.52007044461957e-06,0.581396758556366,0.581396758556366,-0.235527393867634,-0.235527393867634
lcl|NC_001144.5_cds_NP_013083.1_3629,3.38747429847717,0.529860377311707,0.000111587986088543,1.31143335243876e-06,3.38736271858215,3.38736271858215,0.529861703359847,0.529861703359847
lcl|NC_001144.5_cds_NP_013145.1_3689,13.9331464767456,1.14404284954071,0.000290898256771723,2.74208791791867e-06,13.9328556060791,13.9328556060791,1.14404013629935,1.14404013629935
lcl|NC_001144.5_cds_NP_013186.1_3728,0.14550755918026,-0.837141513824463,1.92239598443288e-06,2.13407311818863e-05,0.145505636930466,0.145505636930466,-0.83712018165831,-0.83712018165831
lcl|NC_001144.5_cds_NP_013204.1_3746,0.238402679562569,-0.622723758220673,3.82995399796795e-06,2.78969965221358e-05,0.238398849964142,0.238398849964142,-0.622695843962975,-0.622695843962975
lcl|NC_001144.5_cds_NP_013207.1_3749,0.737320840358734,-0.132323935627937,3.6004133440449e-05,1.63929169674893e-06,0.737356841564178,0.737356841564178,-0.132322285795611,-0.132322285795611
lcl|NC_001144.5_cds_NP_013210.1_3752,5.73231649398804,0.758303880691528,0.000167863469112162,1.35912181407668e-05,5.73214864730835,5.73214864730835,0.758317444089004,0.758317444089004
lcl|NC_001144.5_cds_NP_013248.1_3788,0.215765818953514,-0.666014671325684,6.124882545968e-06,9.65655930330488e-06,0.215771943330765,0.215771943330765,-0.666005026978359,-0.666005026978359
lcl|NC_001144.5_cds_NP_013267.1_3818,0.698065221309662,-0.15608286857605,2.74811289457619e-05,4.0385924786853e-06,0.698092699050903,0.698092699050903,-0.156086904005477,-0.156086904005477
lcl|NC_001144.5_cds_NP_013276.1_3825,3.45789885520935,0.538813650608063,0.000133054303187732,1.80619193210319e-05,3.45776581764221,3.45776581764221,0.538795576691027,0.538795576691027
lcl|NC_001144.5_cds_NP_013341.1_3885,0.390747576951981,-0.408082991838455,6.76599408726259e-06,1.32034615363083e-05,0.390754342079163,0.390754342079163,-0.408096187382882,-0.408096187382882
lcl|NC_001144.5_cds_NP_013350.1_3894,8.84127330780029,0.946500301361084,0.000357665358008943,3.20704943088983e-05,8.84163093566895,8.84163093566895,0.946532382776638,0.946532382776638
lcl|NC_001144.5_cds_NP_013376.1_3920,1.04380083084106,0.0186212304979563,7.39171524635082e-06,5.16018579755287e-07,1.04380822181702,1.04380822181702,0.0186207133622264,0.0186207133622264
lcl|NC_001144.5_cds_NP_013394.1_3936,0.884106814861298,-0.0534786209464073,3.60653648155116e-05,1.07299092096476e-06,0.884142875671387,0.884142875671387,-0.0534775482201556,-0.0534775482201556
lcl|NC_001144.5_cds_NP_013396.1_3938,6.01953792572021,0.779544949531555,6.58080695600271e-05,2.29500087911501e-05,6.01960372924805,6.01960372924805,0.779567902575864,0.779567902575864
lcl|NC_001144.5_cds_NP_013401.1_3942,0.240896612405777,-0.618163049221039,8.77754248765555e-06,9.5376969944064e-06,0.24090538918972,0.24090538918972,-0.618153484479954,-0.618153484479954
lcl|NC_001144.5_cds_NP_013403.1_3944,3.03021121025085,0.481446534395218,0.000133289313460318,7.27239785434636e-06,3.03007793426514,3.03007793426514,0.481453798794723,0.481453798794723
lcl|NC_001144.5_cds_NP_013404.1_3945,2.62086391448975,0.418451309204102,3.6004133440449e-05,1.28161518987013e-05,2.6208279132843,2.6208279132843,0.418438505584288,0.418438505584288
lcl|NC_001144.5_cds_NP_013447.1_3984,0.377565562725067,-0.422983139753342,1.30550756201146e-05,9.47792410710664e-06,0.377578616142273,0.377578616142273,-0.42299260959215,-0.42299260959215
lcl|NC_001144.5_cds_NP_013455.1_3991,0.321655750274658,-0.492598325014114,3.6659581074701e-06,5.39480496981628e-06,0.321659415960312,0.321659415960312,-0.492603730942452,-0.492603730942452
lcl|NC_001144.5_cds_NP_013480.1_4016,0.271251738071442,-0.566629409790039,1.78531326235277e-05,3.05206302365959e-05,0.271269589662552,0.271269589662552,-0.566598889548387,-0.566598889548387
lcl|NC_001144.5_cds_NP_013485.1_4020,0.214951440691948,-0.667710304260254,1.40680304403457e-05,2.22351939769425e-05,0.214937373995781,0.214937373995781,-0.667688061433286,-0.667688061433286
lcl|NC_001144.5_cds_NP_013544.1_4078,0.723404884338379,-0.140603885054588,3.14744007892226e-05,4.2024599702529e-06,0.72343635559082,0.72343635559082,-0.140599669978959,-0.140599669978959
lcl|NC_001144.5_cds_NP_013545.3_4079,0.18798491358757,-0.725881814956665,7.27239785434636e-06,1.19815957701826e-05,0.187977641820908,0.187977641820908,-0.725893802923773,-0.725893802923773
lcl|NC_001145.3_cds_NP_013585.1_4115,0.250281631946564,-0.6015664935112,5.48417583583733e-06,1.40680304403457e-05,0.250276148319244,0.250276148319244,-0.601580537315141,-0.601580537315141
lcl|NC_001145.3_cds_NP_013586.1_4116,1.39551472663879,0.144735872745514,2.99253902948911e-05,7.86860019730564e-06,1.39554464817047,1.39554464817047,0.144743735589162,0.144743735589162
lcl|NC_001145.3_cds_NP_013646.1_4170,0.305055797100067,-0.515620410442352,8.79282550593299e-06,1.22204609419529e-05,0.305064588785172,0.305064588785172,-0.515608201363613,-0.515608201363613
lcl|NC_001145.3_cds_NP_013658.1_4182,1.52086508274078,0.182066842913628,0.00010300713056824,5.55879849423562e-06,1.52076208591461,1.52076208591461,0.182061276606385,0.182061276606385
lcl|NC_001145.3_cds_NP_013667.1_4191,0.155624493956566,-0.807907938957214,1.78831820160793e-06,1.90753939888128e-05,0.155622705817223,0.155622705817223,-0.807927037862291,-0.807927037862291
lcl|NC_001145.3_cds_NP_013671.1_4196,0.160216987133026,-0.795348167419434,2.99539894254566e-06,4.86422542278263e-05,0.160213991999626,0.160213991999626,-0.795299558271293,-0.795299558271293
lcl|NC_001145.3_cds_NP_013713.1_4236,0.748227417469025,-0.125982671976089,4.05337112863989e-05,7.24280914040072e-06,0.748186886310577,0.748186886310577,-0.125989908076953,-0.125989908076953
lcl|NC_001145.3_cds_NP_013733.1_4257,0.39392101764679,-0.404569983482361,2.98053039259834e-06,1.7585651011866e-05,0.393923997879028,0.393923997879028,-0.404587561133042,-0.404587561133042
lcl|NC_001145.3_cds_NP_013747.1_4271,0.603046834468842,-0.219617873430252,2.85536753005673e-05,1.05212315451619e-05,0.603075385093689,0.603075385093689,-0.219628397173455,-0.219628397173455
lcl|NC_001145.3_cds_NP_013752.1_4276,0.778075993061066,-0.10898045450449,4.29196368385903e-06,7.45132577688e-08,0.778071701526642,0.778071701526642,-0.108980379690877,-0.108980379690877
lcl|NC_001145.3_cds_NP_013770.1_4292,0.839090824127197,-0.0762049555778503,3.65418371990158e-05,4.98505143273556e-06,0.83905428647995,0.83905428647995,-0.0762099395813372,-0.0762099395813372
lcl|NC_001145.3_cds_NP_013774.1_4295,1.55515170097351,0.191769152879715,4.05337112863989e-05,7.70448441825928e-06,1.55511116981506,1.55511116981506,0.191761440765744,0.191761440765744
lcl|NC_001145.3_cds_NP_013797.1_4317,1.3745185136795,0.138162106275558,2.40818924180208e-05,3.90440347978997e-06,1.37454259395599,1.37454259395599,0.138158202188536,0.138158202188536
lcl|NC_001145.3_cds_NP_013805.1_4324,0.143899247050285,-0.841988980770111,7.79417536264431e-06,2.39631915403653e-05,0.143891453742981,0.143891453742981,-0.841964999687334,-0.841964999687334
lcl|NC_001145.3_cds_NP_013812.1_4331,0.148726910352707,-0.827633082866669,1.78831820160793e-07,2.21157555619261e-05,0.148726731538773,0.148726731538773,-0.827610966135681,-0.827610966135681
lcl|NC_001145.3_cds_NP_013814.1_4333,1.10839557647705,0.0446818955242634,2.69432166172879e-05,2.33595168440629e-06,1.10836863517761,1.10836863517761,0.0446842275378196,0.0446842275378196
lcl|NC_001145.3_cds_NP_013826.1_4346,2.25292539596558,0.352754831314087,2.69432166172879e-05,1.32034615363083e-05,2.25289845466614,2.25289845466614,0.35274161712462,0.35274161712462
lcl|NC_001145.3_cds_NP_013866.1_4385,2.53734612464905,0.404395371675491,2.12206046995764e-05,1.20117530435224e-05,2.53736734390259,2.53736734390259,0.404383346165773,0.404383346165773
lcl|NC_001145.3_cds_NP_013869.1_4388,1.20849585533142,0.0822447240352631,5.84183961118426e-06,1.65414550037603e-06,1.20849001407623,1.20849001407623,0.0822430661218184,0.0822430661218184
lcl|NC_001145.3_cds_NP_013891.1_4407,0.225630939006805,-0.646561443805695,3.42760989739833e-07,3.9225017827469e-05,0.225631281733513,0.225631281733513,-0.646600689518246,-0.646600689518246
lcl|NC_001145.3_cds_NP_013918.1_4434,0.907880246639252,-0.0419910289347172,3.58852185099666e-05,2.43281422769781e-06,0.907844364643097,0.907844364643097,-0.0419885979217639,-0.0419885979217639
lcl|NC_001145.3_cds_NP_013928.1_4443,0.240530446171761,-0.618831813335419,7.85396072153101e-06,1.60352471544491e-05,0.24053829908371,0.24053829908371,-0.618815764377603,-0.618815764377603
lcl|NC_001145.3_cds_NP_013940.1_4455,0.186100378632545,-0.730224847793579,1.01486846137426e-05,4.23221260964406e-06,0.186110526323318,0.186110526323318,-0.730229062684129,-0.730229062684129
lcl|NC_001145.3_cds_NP_013950.1_4465,0.502923727035522,-0.298501819372177,1.97899847249081e-05,1.31444966458771e-05,0.502903938293457,0.502903938293457,-0.298514963360144,-0.298514963360144
lcl|NC_001145.3_cds_NP_013953.1_4468,1.54931485652924,0.190127834677696,1.66909701819216e-05,7.18301975447114e-06,1.5492981672287,1.5492981672287,0.190135007120538,0.190135007120538
lcl|NC_001145.3_cds_NP_013955.1_4470,0.288688033819199,-0.539568483829498,9.74665307582872e-06,1.74056924827626e-05,0.288678288459778,0.288678288459778,-0.539585878248442,-0.539585878248442
lcl|NC_001145.3_cds_NP_013964.1_4480,0.730533957481384,-0.136335328221321,3.85672235730972e-05,1.34123866131043e-06,0.730572521686554,0.730572521686554,-0.136336666512719,-0.136336666512719
lcl|NC_001145.3_cds_NP_013967.1_4483,0.276247411966324,-0.558677732944489,8.4049199405058e-06,1.08487412601519e-05,0.276255816221237,0.276255816221237,-0.558688569682586,-0.558688569682586
lcl|NC_001145.3_cds_NP_013999.1_4516,2.12800145149231,0.327995657920837,6.77154017543049e-05,9.92506967764442e-06,2.12806916236877,2.12806916236877,0.327985738447733,0.327985738447733
lcl|NC_001145.3_cds_NP_014011.1_4529,0.281414389610291,-0.550623297691345,1.07299092904835e-05,1.38296609542224e-05,0.28142511844635,0.28142511844635,-0.550637142452802,-0.550637142452802
lcl|NC_001145.3_cds_NP_014015.1_4533,0.431390672922134,-0.365120887756348,1.33825489252778e-05,2.18171892694036e-05,0.431377291679382,0.431377291679382,-0.365142720517457,-0.365142720517457
lcl|NC_001145.3_cds_NP_014016.1_4534,0.187866151332855,-0.726129174232483,1.13260154895762e-06,2.49169705748583e-05,0.187865018844604,0.187865018844604,-0.726154079596577,-0.726154079596577
lcl|NC_001145.3_cds_NP_014017.1_4535,1.62900459766388,0.211928129196167,6.86714189417445e-05,1.24882332761729e-05,1.62907326221466,1.62907326221466,0.211940615714346,0.211940615714346
lcl|NC_001145.3_cds_NP_014021.1_4538,0.163883030414581,-0.785415530204773,5.32025306209502e-06,3.63622820964654e-05,0.163888350129128,0.163888350129128,-0.785451916804454,-0.785451916804454
lcl|NC_001145.3_cds_NP_014030.1_4546,0.403070271015167,-0.394646912813187,1.1475004395575e-05,1.53198159918718e-05,0.403058797121048,0.403058797121048,-0.394631595539722,-0.394631595539722
lcl|NC_001145.3_cds_NP_014039.1_4553,1.08726418018341,0.0363410748541355,1.00145819290044e-05,1.99320187889288e-06,1.08727419376373,1.08727419376373,0.0363390802612023,0.0363390802612023
lcl|NC_001145.3_cds_NP_014040.1_4554,2.42374658584595,0.384489059448242,0.000137581077722457,2.64963670663799e-05,2.42360901832581,2.42360901832581,0.384462559851001,0.384462559851001
lcl|NC_001145.3_cds_NP_014043.1_4557,0.773861944675446,-0.111362501978874,4.81637848360416e-05,1.03571214861909e-06,0.773813784122467,0.773813784122467,-0.111363538358627,-0.111363538358627
lcl|NC_001145.3_cds_NP_014055.1_4569,0.6020547747612,-0.220347583293915,1.50816154366791e-05,5.54359027388438e-06,0.602069854736328,0.602069854736328,-0.220353117103456,-0.220353117103456
lcl|NC_001146.8_cds_NP_014064.1_4574,0.384006768465042,-0.41567388176918,1.83896253002004e-05,8.01762357722457e-06,0.383988380432129,0.383988380432129,-0.41568191727455,-0.41568191727455
lcl|NC_001146.8_cds_NP_014109.1_4615,0.392083764076233,-0.40662208199501,1.17134732394188e-05,1.20409462090104e-05,0.392072051763535,0.392072051763535,-0.406634114592107,-0.406634114592107
lcl|NC_001146.8_cds_NP_014117.1_4624,0.153747245669365,-0.813220858573914,3.11462132185728e-06,1.943273822978e-05,0.153744131326675,0.153744131326675,-0.813201452990497,-0.813201452990497
lcl|NC_001146.8_cds_NP_014138.1_4644,0.58300656080246,-0.234332352876663,1.09683516716747e-05,2.36948102677666e-06,0.582995593547821,0.582995593547821,-0.234334727754019,-0.234334727754019
lcl|NC_001146.8_cds_NP_014160.2_4666,2.21616339683533,0.345608294010162,6.24704556766395e-05,5.72261824514537e-06,2.21622586250305,2.21622586250305,0.34561401861966,0.34561401861966
lcl|NC_001146.8_cds_NP_014178.1_4681,0.258554041385651,-0.587418437004089,7.6599079959359e-06,1.74056924827626e-05,0.258561700582504,0.258561700582504,-0.587435804504019,-0.587435804504019
lcl|NC_001146.8_cds_NP_014199.1_4700,0.424558699131012,-0.372070759534836,1.32331640030083e-05,5.0370185180258e-06,0.424545466899872,0.424545466899872,-0.372075791953996,-0.372075791953996
lcl|NC_001146.8_cds_NP_014221.3_4720,9.32024383544922,0.969405770301819,0.000262285916759626,9.29925474163341e-06,9.31998157501221,9.31998157501221,0.969415053783334,0.969415053783334
lcl|NC_001146.8_cds_NP_014222.2_4721,0.274499326944351,-0.561501443386078,5.42437063007596e-06,3.41565120922587e-05,0.274493902921677,0.274493902921677,-0.561467297687038,-0.561467297687038
lcl|NC_001146.8_cds_NP_014231.1_4727,0.909176349639893,-0.0413630232214928,2.2055633987713e-05,6.14725724838224e-07,0.909154295921326,0.909154295921326,-0.0413624048081265,-0.0413624048081265
lcl|NC_001146.8_cds_NP_014307.1_4803,0.158039480447769,-0.801254153251648,7.27239785434636e-06,3.97002787105777e-05,0.158046752214432,0.158046752214432,-0.801214424277695,-0.801214424277695
lcl|NC_001146.8_cds_NP_014337.3_4833,0.67287003993988,-0.172053575515747,3.88654764595599e-05,9.85038362703485e-06,0.672908902168274,0.672908902168274,-0.172043726212179,-0.172043726212179
lcl|NC_001146.8_cds_NP_014338.3_4834,1.80968081951141,0.257642507553101,0.000132458446040958,8.7331845474028e-06,1.8098132610321,1.8098132610321,0.257633766091749,0.257633766091749
lcl|NC_001146.8_cds_NP_014346.1_4843,1.32616949081421,0.122594237327576,2.50356659326522e-05,3.39780453519171e-06,1.3261444568634,1.3261444568634,0.122590834326345,0.122590834326345
lcl|NC_001146.8_cds_NP_014353.1_4850,1.60104441642761,0.20439238846302,7.40378855751979e-05,9.09057052411635e-06,1.6009703874588,1.6009703874588,0.204383299013506,0.204383299013506
lcl|NC_001146.8_cds_NP_014393.1_4888,0.602275133132935,-0.220218330621719,3.24886956001133e-05,1.01782058799194e-05,0.602242648601532,0.602242648601532,-0.220228492601972,-0.220228492601972
lcl|NC_001146.8_cds_NP_014396.3_4891,1.37072217464447,0.136962920427322,4.42315111238522e-05,5.36495460482379e-07,1.37076640129089,1.37076640129089,0.136963450942546,0.136963450942546
lcl|NC_001146.8_cds_NP_014400.1_4895,0.499855518341064,-0.301146924495697,1.50816154366791e-05,4.53040619583049e-06,0.499870598316193,0.499870598316193,-0.301142407085289,-0.301142407085289
lcl|NC_001146.8_cds_NP_014404.3_4898,0.257070928812027,-0.589928150177002,7.21269380457322e-06,3.11176261478715e-05,0.257063716650009,0.257063716650009,-0.589959217681114,-0.589959217681114
lcl|NC_001146.8_cds_NP_014413.1_4907,2.86516880989075,0.457135051488876,0.000128521083913655,4.32168256617076e-06,2.86504030227661,2.86504030227661,0.457130735529668,0.457130735529668
lcl|NC_001146.8_cds_NP_014448.1_4941,2.80544900894165,0.447997719049454,5.81791828347709e-05,4.32168256617076e-06,2.80539083480835,2.80539083480835,0.447993373819102,0.447993373819102
lcl|NC_001147.6_cds_NP_014499.2_4996,0.39844337105751,-0.39963436126709,1.02234336290495e-05,1.21012275237814e-05,0.398453593254089,0.398453593254089,-0.399622252353884,-0.399622252353884
lcl|NC_001147.6_cds_NP_014502.1_4999,3.42489385604858,0.53466659784317,7.2962047252066e-05,1.01933738682764e-05,3.42496681213379,3.42496681213379,0.534656367543191,0.534656367543191
lcl|NC_001147.6_cds_NP_014506.1_5003,0.165297612547874,-0.781737267971039,3.39780453519171e-06,1.27562763142765e-05,0.165301010012627,0.165301010012627,-0.781724492819537,-0.781724492819537
lcl|NC_001147.6_cds_NP_014547.1_5044,0.832816421985626,-0.079434908926487,3.83885856545555e-05,4.2024599702529e-06,0.832854807376862,0.832854807376862,-0.079430703096297,-0.079430703096297
lcl|NC_001147.6_cds_NP_014577.1_5074,1.17933630943298,0.0716530606150627,3.31427887558109e-05,3.18176704182291e-06,1.17936944961548,1.17936944961548,0.0716498736238621,0.0716498736238621
lcl|NC_001147.6_cds_NP_014621.1_5115,1.10641062259674,0.0438997484743595,4.00583277160176e-05,8.68073420771221e-07,1.10637056827545,1.10637056827545,0.0439006141316438,0.0439006141316438
lcl|NC_001147.6_cds_NP_014633.1_5128,0.813232183456421,-0.0897847563028336,5.84183961118426e-06,3.80762040315465e-06,0.813226342201233,0.813226342201233,-0.0897885620466075,-0.0897885620466075
lcl|NC_001147.6_cds_NP_014664.1_5160,1.24612641334534,0.0955810770392418,5.60355804020504e-05,5.51398121038007e-07,1.24618244171143,1.24618244171143,0.0955816278996773,0.0955816278996773
lcl|NC_001147.6_cds_NP_014706.1_5199,11.1406965255737,1.0468864440918,0.000371011887182678,4.04157704215963e-05,11.1410675048828,11.1410675048828,1.04692680567329,1.04692680567329
lcl|NC_001147.6_cds_NP_014719.1_5213,0.265913367271423,-0.575217008590698,3.99379853564175e-06,3.63622820964654e-05,0.265917360782623,0.265917360782623,-0.575253308227027,-0.575253308227027
lcl|NC_001147.6_cds_NP_014728.1_5221,1.23938643932343,0.0932090356945992,2.42024550475628e-05,6.18458301812107e-06,1.2394106388092,1.2394106388092,0.0932152197112727,0.0932152197112727
lcl|NC_001147.6_cds_NP_014732.1_5224,0.645980417728424,-0.189806148409843,2.6824525964257e-05,7.46632008725787e-06,0.645953595638275,0.645953595638275,-0.189798679964827,-0.189798679964827
lcl|NC_001147.6_cds_NP_014759.1_5250,1.45811069011688,0.163802936673164,2.18171892694036e-05,5.93118687838922e-06,1.45813250541687,1.45813250541687,0.163796991579057,0.163796991579057
lcl|NC_001147.6_cds_NP_014760.3_5251,1.30078315734863,0.114203587174416,1.8717402196444e-05,7.57036117081771e-06,1.30080187320709,1.30080187320709,0.11421115365199,0.11421115365199
lcl|NC_001147.6_cds_NP_014765.3_5255,3.71489763259888,0.569985032081604,0.0001812099426265,1.69288504385762e-05,3.71507883071899,3.71507883071899,0.569968033542902,0.569968033542902
lcl|NC_001147.6_cds_NP_014769.3_5259,0.344152092933655,-0.463222354650497,2.12517046765484e-05,4.17274250650595e-07,0.344173341989517,0.344173341989517,-0.463222771065999,-0.463222771065999
lcl|NC_001147.6_cds_NP_014776.1_5266,10.0234537124634,1.00098824501038,0.00014115791898573,3.52894797464324e-05,10.0235948562622,10.0235948562622,1.00102350458969,1.00102350458969
lcl|NC_001147.6_cds_NP_014788.1_5278,0.998825788497925,-0.000521681562531739,2.63486082775135e-05,2.68370399860956e-08,0.998799443244934,0.998799443244934,-0.000521708406913608,-0.000521708406913608
lcl|NC_001147.6_cds_NP_014794.3_5283,1.72995316982269,0.238037079572678,9.89499236245407e-06,2.38442423723405e-07,1.72996306419373,1.72996306419373,0.238036830765737,0.238036830765737
lcl|NC_001147.6_cds_NP_014850.1_5338,1.65634632110596,0.219170361757278,5.82984179821884e-05,3.93430009865282e-06,1.65640461444855,1.65640461444855,0.219166431699182,0.219166431699182
lcl|NC_001147.6_cds_NP_014852.1_5340,1.37692368030548,0.138894647359848,6.05628893665417e-05,3.88970326848394e-06,1.37686312198639,1.37686312198639,0.138890767910717,0.138890767910717
lcl|NC_001147.6_cds_NP_014853.3_5341,3.39824604988098,0.531245529651642,0.000168104685283001,1.22204609419529e-05,3.39807796478271,3.39807796478271,0.531233339008153,0.531233339008153
lcl|NC_001147.6_cds_NP_014894.3_5378,0.835017800331116,-0.0782794579863548,4.35160802165894e-05,2.17571156034532e-06,0.835061311721802,0.835061311721802,-0.0782816366542224,-0.0782816366542224
lcl|NC_001147.6_cds_NP_014896.3_5380,0.766588389873505,-0.11545304954052,2.93276648597608e-05,1.33379569886789e-06,0.766559064388275,0.766559064388275,-0.115454376556971,-0.115454376556971
lcl|NC_001147.6_cds_NP_014897.1_5381,1.11910498142242,0.048857644200325,4.07734954731057e-05,2.63773185732148e-06,1.1190642118454,1.1190642118454,0.0488550070377699,0.0488550070377699
lcl|NC_001147.6_cds_NP_014968.1_5448,1.89005053043365,0.276486426591873,4.1727425454804e-06,1.20409462090104e-05,1.89005470275879,1.89005470275879,0.276474373888847,0.276474373888847
lcl|NC_001147.6_cds_NP_014977.3_5455,2.02536702156067,0.306487917900085,8.20241940199257e-05,1.75850380504321e-06,2.02528500556946,2.02528500556946,0.306486147371224,0.306486147371224
lcl|NC_001147.6_cds_NP_014986.3_5463,2.25674772262573,0.353480279445648,0.000144261459262046,2.50356659326522e-05,2.25660347938538,2.25660347938538,0.353455253431455,0.353455253431455
lcl|NC_001147.6_cds_NP_015036.3_5513,0.527337908744812,-0.277943432331085,2.19967815325983e-05,1.43065456128634e-05,0.52731591463089,0.52731591463089,-0.277929121268426,-0.277929121268426
lcl|NC_001148.4_cds_NP_015043.1_5521,0.528003931045532,-0.277352392673492,2.980530310752e-07,1.02234336290495e-05,0.528004229068756,0.528004229068756,-0.277362598955072,-0.277362598955072
lcl|NC_001148.4_cds_NP_015061.1_5537,2.17391896247864,0.33727839589119,0.000132332741803111,8.61368362205034e-06,2.17405128479004,2.17405128479004,0.337269784662243,0.337269784662243
lcl|NC_001148.4_cds_NP_015084.1_5561,4.8279595375061,0.683768451213837,0.000292334697592127,3.11176261478715e-05,4.82766723632812,4.82766723632812,0.683737327206786,0.683737327206786
lcl|NC_001148.4_cds_NP_015089.1_5565,1.26956868171692,0.103674620389938,6.5094368048973e-05,3.85224220912964e-06,1.26963376998901,1.26963376998901,0.103678465357405,0.103678465357405
lcl|NC_001148.4_cds_NP_015093.1_5569,3.78044581413269,0.577555477619171,1.50215807844116e-05,1.4128031708231e-05,3.78043079376221,3.78043079376221,0.577541292084181,0.577541292084181
lcl|NC_001148.4_cds_NP_015099.1_5575,1.7797394990921,0.250363260507584,9.41812698453153e-06,9.12025590650825e-06,1.77973008155823,1.77973008155823,0.250354141084945,0.250354141084945
lcl|NC_001148.4_cds_NP_015107.1_5583,1.16695737838745,0.067036047577858,5.53186438168897e-05,1.63929169674893e-06,1.1669020652771,1.1669020652771,0.0670344084922358,0.0670344084922358
lcl|NC_001148.4_cds_NP_015113.1_5589,1.08443582057953,0.0351867862045765,4.18464829034492e-05,3.12955685281388e-07,1.0843939781189,1.0843939781189,0.0351870971812297,0.0351870971812297
lcl|NC_001148.4_cds_NP_015152.1_5625,0.447112023830414,-0.349602103233337,3.06984744666578e-06,1.54689197657912e-05,0.447108954191208,0.447108954191208,-0.349586632487389,-0.349586632487389
lcl|NC_001148.4_cds_NP_015154.1_5627,1.35092842578888,0.130613818764687,7.20082668808981e-05,4.61973943090305e-06,1.35085642337799,1.35085642337799,0.130609192213558,0.130609192213558
lcl|NC_001148.4_cds_NP_015171.1_5644,3.180903673172,0.502587556838989,0.000187415571830701,1.14452364902907e-05,3.18109107017517,3.18109107017517,0.502576102527165,0.502576102527165
lcl|NC_001148.4_cds_NP_015173.1_5647,0.247963398694992,-0.60563451051712,7.00424623050906e-07,2.08634097430612e-05,0.247962698340416,0.247962698340416,-0.6056136462841,-0.6056136462841
lcl|NC_001148.4_cds_NP_015180.1_5654,1.90041661262512,0.278853267431259,8.13106789872442e-05,1.4128031708231e-05,1.9004979133606,1.9004979133606,0.278867397108564,0.278867397108564
lcl|NC_001148.4_cds_NP_015181.1_5655,0.143366411328316,-0.843558132648468,7.60029728777995e-06,1.74663690948056e-05,0.143358811736107,0.143358811736107,-0.843575607421002,-0.843575607421002
lcl|NC_001148.4_cds_NP_015190.1_5662,0.816836893558502,-0.0878889486193657,4.10120970099629e-05,2.48870364981568e-06,0.816795885562897,0.816795885562897,-0.087886458582545,-0.087886458582545
lcl|NC_001148.4_cds_NP_015219.1_5691,4.82991504669189,0.683896124362946,0.000264201512834707,1.96125089137345e-05,4.82965087890625,4.82965087890625,0.683915738030078,0.683915738030078
lcl|NC_001148.4_cds_NP_015232.1_5704,3.14864087104797,0.498141020536423,0.000124470504591486,7.45132598149584e-07,3.14876532554626,3.14876532554626,0.498140294292268,0.498140294292268
lcl|NC_001148.4_cds_NP_015234.1_5706,1.48180496692657,0.170772865414619,8.16680158962836e-05,5.73750219778751e-06,1.48172330856323,1.48172330856323,0.17076711269654,0.17076711269654
lcl|NC_001148.4_cds_NP_015244.1_5716,4.80727481842041,0.681898593902588,0.000218893259893721,2.01480740721032e-05,4.80749368667603,4.80749368667603,0.681918722584243,0.681918722584243
lcl|NC_001148.4_cds_NP_015256.1_5727,0.490626811981201,-0.309236913919449,3.87468947568059e-07,1.1475004395575e-05,0.490627199411392,0.490627199411392,-0.309248379026412,-0.309248379026412
lcl|NC_001148.4_cds_NP_015294.1_5765,0.681885719299316,-0.166277378797531,8.64336513234151e-06,5.52893889048153e-06,0.681894361972809,0.681894361972809,-0.166282900366659,-0.166282900366659
lcl|NC_001148.4_cds_NP_015297.1_5768,3.17285060882568,0.501460075378418,2.43211271139131e-05,1.37699292641422e-05,3.17282629013062,3.17282629013062,0.501446295452803,0.501446295452803
lcl|NC_001148.4_cds_NP_015307.1_5777,0.206908941268921,-0.684256792068481,2.83140535353906e-06,3.01034474013997e-05,0.206906110048294,0.206906110048294,-0.684226684196144,-0.684226684196144
lcl|NC_001148.4_cds_NP_015310.1_5780,0.351440399885178,-0.45412740111351,1.19221211861703e-07,2.10725668130537e-05,0.351440280675888,0.351440280675888,-0.454148462895648,-0.454148462895648
lcl|NC_001148.4_cds_NP_015323.1_5793,0.185668975114822,-0.731218218803406,6.70619330655216e-07,4.08937345161979e-05,0.185669645667076,0.185669645667076,-0.731259091396596,-0.731259091396596
lcl|NC_001148.4_cds_NP_015335.1_5804,1.70692086219788,0.232181057333946,8.67899300812154e-05,1.02680523237286e-05,1.70683407783508,1.70683407783508,0.232191305190314,0.232191305190314
lcl|NC_001148.4_cds_NP_015357.1_5826,0.434434533119202,-0.362068742513657,9.77613951198138e-06,1.66909701819216e-05,0.434424757957458,0.434424757957458,-0.362085432180915,-0.362085432180915
lcl|NC_001148.4_cds_NP_015359.1_5828,0.260694265365601,-0.583903849124908,1.20117530435224e-05,1.53198159918718e-05,0.260682255029678,0.260682255029678,-0.583888530799386,-0.583888530799386
lcl|NC_001148.4_cds_NP_015380.1_5846,0.456923484802246,-0.340174943208694,6.25911370562775e-07,1.78240328536324e-05,0.456922858953476,0.456922858953476,-0.340157114500597,-0.340157114500597
lcl|NC_001148.4_cds_NP_015399.1_5864,4.74788808822632,0.676499724388123,0.000226991070501707,2.00291638580088e-05,4.74766111373901,4.74766111373901,0.676479711612437,0.676479711612437
lcl|NC_001148.4_cds_NP_015419.1_5879,0.279043763875961,-0.55435848236084,1.18329048155627e-05,1.23990063221779e-05,0.279031932353973,0.279031932353973,-0.55434609331577,-0.55434609331577
lcl|NC_001148.4_cds_NP_015457.1_5914,9.64169883728027,0.984181523323059,0.00028421794715074,1.51407223416354e-05,9.64198303222656,9.64198303222656,0.984166362884713,0.984166362884713
lcl|NC_001148.4_cds_NP_015463.1_5919,0.555908560752869,-0.255001991987228,5.36495464524173e-06,9.5376969944064e-06,0.555913925170898,0.555913925170898,-0.254992447117878,-0.254992447117878
lcl|NC_001148.4_cds_NP_015486.1_5947,2.02409744262695,0.306236118078232,1.88362539690631e-05,8.7331845474028e-06,2.0240786075592,2.0240786075592,0.306227374850705,0.306227374850705
lcl|NC_001148.4_cds_NP_015493.1_5954,0.53320300579071,-0.273106336593628,2.20559248415203e-06,2.89101564039422e-06,0.533200800418854,0.533200800418854,-0.273109207312885,-0.273109207312885
lcl|NC_001148.4_cds_NP_015501.2_5962,0.509356737136841,-0.292969286441803,5.06671391079986e-06,4.35142312069065e-06,0.509361803531647,0.509361803531647,-0.292973625405767,-0.292973625405767
lcl|NC_001148.4_cds_NP_015507.1_5967,1.87888491153717,0.273889392614365,5.60355804020504e-05,2.14598184192951e-06,1.87882888317108,1.87882888317108,0.273887227956497,0.273887227956497
lcl|NC_001148.4_cds_NP_015515.1_5975,0.48763182759285,-0.311892151832581,4.02362589132631e-06,1.22204609419529e-05,0.487635850906372,0.487635850906372,-0.311904372622056,-0.311904372622056
lcl|NC_001148.4_cds_NP_015516.1_5976,0.715348482131958,-0.145462885499001,3.28461040559068e-05,4.76884847446811e-07,0.715381324291229,0.715381324291229,-0.145462401708902,-0.145462401708902
