GeneID,Mean,Mean.log10,Std.Dev,log10.Std.Dev,0.025,0.975,log10.0.025,log10.0.975
lcl|NC_001133.9_cds_NP_009382.2_51,0.0805126801133156,-1.09419322013855,8.19645848374467e-07,6.19935228217878e-05,0.0805134996771812,0.0805134996771812,-1.09413129548592,-1.09413129548592
lcl|NC_001134.8_cds_NP_009498.1_149,0.34164559841156,-0.466445952653885,1.05807209715899e-05,8.31589394923327e-06,0.341635018587112,0.341635018587112,-0.466437619248639,-0.466437619248639
lcl|NC_001134.8_cds_NP_009530.1_182,1.01138877868652,0.00492099625989795,7.03401522017284e-06,1.55079213713194e-07,1.01139581203461,1.01139581203461,0.00492115098327056,0.00492115098327056
lcl|NC_001134.8_cds_NP_009565.1_217,6.15624237060547,0.789306700229645,9.63275696720833e-05,2.20559248415203e-06,6.15614604949951,6.15614604949951,0.78930891456089,0.78930891456089
lcl|NC_001134.8_cds_NP_009575.1_226,1.2643176317215,0.101874984800816,7.20082668808981e-05,5.94633440843718e-06,1.26438963413239,1.26438963413239,0.101880926698103,0.101880926698103
lcl|NC_001134.8_cds_NP_009576.1_227,1.2823805809021,0.108037747442722,7.05789594928649e-05,3.08481578673304e-06,1.28245115280151,1.28245115280151,0.108040832284622,0.108040832284622
lcl|NC_001134.8_cds_NP_009590.1_241,2.10555815696716,0.323373436927795,0.00010801197529781,1.60945035653053e-05,2.1056661605835,2.1056661605835,0.323389517794863,0.323389517794863
lcl|NC_001134.8_cds_NP_009591.1_242,1.69335877895355,0.228756368160248,1.26374487238344e-05,1.06258523382742e-05,1.69334614276886,1.69334614276886,0.228745742827716,0.228745742827716
lcl|NC_001134.8_cds_NP_009602.1_253,0.672104239463806,-0.172589600086212,2.66458762903554e-05,9.01634120387789e-06,0.672077596187592,0.672077596187592,-0.172580581632808,-0.172580581632808
lcl|NC_001134.8_cds_NP_009604.1_255,8.18601512908936,0.91308319568634,0.000129712683266529,1.7525175954066e-05,8.18588542938232,8.18588542938232,0.913065661915011,0.913065661915011
lcl|NC_001134.8_cds_NP_009633.3_284,0.370695799589157,-0.43101704120636,1.68999296118891e-05,1.49022778077781e-05,0.370678901672363,0.370678901672363,-0.431002132470658,-0.431002132470658
lcl|NC_001134.8_cds_NP_009655.2_306,0.392668396234512,-0.406005829572678,2.85840677391129e-05,1.490265155376e-07,0.392639815807343,0.392639815807343,-0.406005662686468,-0.406005662686468
lcl|NC_001134.8_cds_NP_009676.1_324,11.4294118881226,1.05806040763855,0.000602760127010018,5.93727394866357e-05,11.4288091659546,11.4288091659546,1.05800098108667,1.05800098108667
lcl|NC_001134.8_cds_NP_009685.3_333,3.50481557846069,0.544676542282104,9.5376969944064e-06,1.01933738682764e-05,3.50482511520386,3.50482511520386,0.544666352289317,0.544666352289317
lcl|NC_001134.8_cds_NP_009726.3_373,0.364992260932922,-0.437721282243729,1.0342516619053e-05,1.72570887551716e-05,0.365002602338791,0.365002602338791,-0.437704039167229,-0.437704039167229
lcl|NC_001134.8_cds_NP_009807.3_455,0.835268974304199,-0.0781480148434639,4.97151065582366e-05,2.08637125325298e-07,0.835318684577942,0.835318684577942,-0.0781478040983423,-0.0781478040983423
lcl|NC_001134.8_cds_NP_009811.3_459,1.37365174293518,0.137883991003036,4.8999060367744e-05,8.15190346965941e-06,1.37370073795319,1.37370073795319,0.137892131550782,0.137892131550782
lcl|NC_001135.5_cds_NP_009913.2_561,0.249257549643517,-0.603349506855011,1.04317048715306e-05,2.03276697468111e-05,0.249247118830681,0.249247118830681,-0.603369853209561,-0.603369853209561
lcl|NC_001135.5_cds_NP_009958.2_606,2.49389910697937,0.396858006715775,2.16974825203038e-05,1.7108144941456e-05,2.49387741088867,2.49387741088867,0.396875101474882,0.396875101474882
lcl|NC_001136.10_cds_NP_010080.1_723,1.08736765384674,0.0363619551062584,3.38577008771525e-05,9.31392362986129e-07,1.08733379840851,1.08733379840851,0.0363628877413747,0.0363628877413747
lcl|NC_001136.10_cds_NP_010116.1_756,0.334960967302322,-0.474998980760574,2.68247730241189e-07,6.46768734961576e-06,0.334961235523224,0.334961235523224,-0.475005450194421,-0.475005450194421
lcl|NC_001136.10_cds_NP_010172.1_808,0.291139721870422,-0.535888731479645,5.75235336875739e-06,1.25182274112555e-06,0.291145473718643,0.291145473718643,-0.535889957245109,-0.535889957245109
lcl|NC_001136.10_cds_NP_010181.2_817,1.02705013751984,0.0116119552403688,4.85228257963867e-05,2.05848502168074e-07,1.02709865570068,1.02709865570068,0.0116121608013952,0.0116121608013952
lcl|NC_001136.10_cds_NP_010217.1_850,2.68192100524902,0.428466647863388,0.000105394433110054,3.60634690228661e-06,2.68202638626099,2.68202638626099,0.42846304620431,0.42846304620431
lcl|NC_001136.10_cds_NP_010219.1_852,0.906955540180206,-0.0424148440361023,3.87459517636174e-06,2.69740248490814e-06,0.906959414482117,0.906959414482117,-0.0424121467445689,-0.0424121467445689
lcl|NC_001136.10_cds_NP_010223.1_855,1.08887016773224,0.0369872264564037,2.61101512402292e-05,7.11592766092088e-07,1.08889627456665,1.08889627456665,0.036986511960718,0.036986511960718
lcl|NC_001136.10_cds_NP_010277.1_902,0.842821598052979,-0.074246771633625,4.13700664762121e-05,3.74067378686139e-06,0.842862963676453,0.842862963676453,-0.0742430291201056,-0.0742430291201056
lcl|NC_001136.10_cds_NP_010285.1_910,4.1835823059082,0.621565759181976,8.53629247275452e-05,2.62889932917543e-05,4.18349695205688,4.18349695205688,0.621539456910746,0.621539456910746
lcl|NC_001136.10_cds_NP_010292.1_917,0.431669235229492,-0.364835947751999,2.83451852900948e-05,1.55588130739358e-05,0.431697577238083,0.431697577238083,-0.364820388673091,-0.364820388673091
lcl|NC_001136.10_cds_NP_010308.3_932,7.46872425079346,0.87326180934906,0.000168339704722591,2.51563124907959e-05,7.46855592727661,7.46855592727661,0.873236637499137,0.873236637499137
lcl|NC_001136.10_cds_NP_010329.1_955,4.23650741577148,0.627016723155975,0.000228429402404539,1.46638324298804e-05,4.23673582077026,4.23673582077026,0.627031384662154,0.627031384662154
lcl|NC_001136.10_cds_NP_010386.1_1011,1.77932345867157,0.250256478786469,6.98654763792224e-05,1.5498380705447e-05,1.77939331531525,1.77939331531525,0.250271954711984,0.250271954711984
lcl|NC_001136.10_cds_NP_010475.1_1098,1.17448401451111,0.0698636770248413,4.78091420385953e-05,1.11022635605758e-06,1.17453181743622,1.17453181743622,0.06986478607728,0.06986478607728
lcl|NC_001136.10_cds_NP_010476.1_1099,1.31994664669037,0.120569959282875,4.64971556068953e-05,1.72124115801777e-06,1.31999313831329,1.31999313831329,0.120571673629775,0.120571673629775
lcl|NC_001136.10_cds_NP_010540.3_1162,0.094962477684021,-1.02246332168579,6.89237954921012e-06,1.62140854083161e-05,0.0949555858969688,0.0949555858969688,-1.02247948218684,-1.02247948218684
lcl|NC_001136.10_cds_NP_010542.1_1164,0.834292769432068,-0.0786513686180115,5.58567696866126e-05,1.08042064154269e-06,0.834348618984222,0.834348618984222,-0.0786524485636688,-0.0786524485636688
lcl|NC_001136.10_cds_NP_010566.1_1190,0.3422572016716,-0.465662121772766,8.97130462749164e-06,3.33819400520476e-06,0.342248231172562,0.342248231172562,-0.465658787734457,-0.465658787734457
lcl|NC_001136.10_cds_NP_010587.1_1210,0.683665990829468,-0.165142208337784,3.97609599898669e-05,1.14303246801815e-05,0.683705747127533,0.683705747127533,-0.165130769470616,-0.165130769470616
lcl|NC_001136.10_cds_NP_010608.1_1234,0.670414566993713,-0.173644945025444,2.00888433853009e-05,1.40084924610181e-06,0.670434653759003,0.670434653759003,-0.173643545768963,-0.173643545768963
lcl|NC_001136.10_cds_NP_010666.2_1291,0.573420882225037,-0.241526201367378,3.81507877957449e-06,2.57815607916933e-06,0.573424696922302,0.573424696922302,-0.241523606286468,-0.241523606286468
lcl|NC_001136.10_cds_NP_010673.1_1300,9.905930519104,0.995895385742188,0.00058750065481681,2.5870749398463e-05,9.9053430557251,9.9053430557251,0.995869521230285,0.995869521230285
lcl|NC_001136.10_cds_NP_010682.3_1309,1.72946858406067,0.237904563546181,6.68852360087252e-05,8.67327388314036e-06,1.72940170764923,1.72940170764923,0.237895883471726,0.237895883471726
lcl|NC_001136.10_cds_NP_010687.3_1313,2.3163845539093,0.364778220653534,9.58527661614611e-05,1.44856182808014e-05,2.3162887096405,2.3162887096405,0.364792690283906,0.364792690283906
lcl|NC_001136.10_cds_NP_010692.3_1317,0.609926044940948,-0.214720755815506,1.18623737567784e-05,6.37813815713826e-06,0.609937906265259,0.609937906265259,-0.214714375380997,-0.214714375380997
lcl|NC_001136.10_cds_NP_010707.3_1330,0.130305558443069,-0.885039150714874,3.41280384074776e-06,9.2394788618061e-06,0.130302146077156,0.130302146077156,-0.885048431395694,-0.885048431395694
lcl|NC_001136.10_cds_NP_010712.1_1335,0.65715491771698,-0.182356983423233,2.65263365343104e-05,7.21269380457322e-06,0.657128393650055,0.657128393650055,-0.182349767113048,-0.182349767113048
lcl|NC_001136.10_cds_NP_010828.1_1440,0.829282701015472,-0.0813275054097176,5.23376214907122e-05,2.70488657167786e-06,0.82923036813736,0.82923036813736,-0.081324801521521,-0.081324801521521
lcl|NC_001137.3_cds_NP_010858.3_1466,0.448087066411972,-0.348635047674179,9.41812698453153e-06,1.16836792223685e-05,0.448077648878098,0.448077648878098,-0.348646719133164,-0.348646719133164
lcl|NC_001137.3_cds_NP_010880.3_1487,10.8713150024414,1.03628718852997,0.000276587684234928,5.96106078519667e-06,10.8715915679932,10.8715915679932,1.03629312813405,1.03629312813405
lcl|NC_001137.3_cds_NP_010882.1_1489,1.25289738178253,0.0978999212384224,5.22203024804585e-05,2.5185092590129e-06,1.25284516811371,1.25284516811371,0.0978974023678675,0.0978974023678675
lcl|NC_001137.3_cds_NP_010914.3_1521,1.05145013332367,0.0217971708625555,2.01480740721032e-05,1.69511582189874e-07,1.0514702796936,1.0514702796936,0.0217970016562123,0.0217970016562123
lcl|NC_001137.3_cds_NP_010925.1_1532,2.84954261779785,0.454746037721634,0.000141639054279564,7.54080771833953e-06,2.84940099716187,2.84940099716187,0.454753571949174,0.454753571949174
lcl|NC_001137.3_cds_NP_010926.3_1533,0.256723582744598,-0.59055507183075,9.80625445686725e-06,3.7434804392888e-05,0.256733387708664,0.256733387708664,-0.590517648450724,-0.590517648450724
lcl|NC_001137.3_cds_NP_010942.1_1550,2.86133217811584,0.456563532352448,4.19658672780404e-05,1.11175969884712e-05,2.86137413978577,2.86137413978577,0.45657464781608,0.45657464781608
lcl|NC_001137.3_cds_NP_010946.3_1554,0.207090705633163,-0.683838963508606,4.81349205227837e-06,1.04914668195101e-05,0.207085892558098,0.207085892558098,-0.683849485813725,-0.683849485813725
lcl|NC_001137.3_cds_NP_010969.1_1578,1.94783163070679,0.289542675018311,7.45153778603304e-05,7.86860019730564e-06,1.94775712490082,1.94775712490082,0.289534801674295,0.289534801674295
lcl|NC_001137.3_cds_NP_010990.1_1599,0.828109860420227,-0.0819379016757011,4.50663024122182e-05,2.22045271211516e-06,0.828064799308777,0.828064799308777,-0.0819356766437501,-0.0819356766437501
lcl|NC_001137.3_cds_NP_010994.3_1603,0.298308283090591,-0.525367200374603,1.52007044461957e-06,3.02814446832708e-05,0.29830676317215,0.29830676317215,-0.525336900258291,-0.525336900258291
lcl|NC_001137.3_cds_NP_011052.1_1660,2.20934104919434,0.344267249107361,7.89262674775629e-05,1.10278169938565e-05,2.20941996574402,2.20941996574402,0.344278274255282,0.344278274255282
lcl|NC_001137.3_cds_NP_011062.1_1670,1.45748686790466,0.163577869534492,7.14125304941109e-05,5.51390849692826e-06,1.45741546154022,1.45741546154022,0.163583372589612,0.163583372589612
lcl|NC_001137.3_cds_NP_011073.1_1683,0.422474265098572,-0.374236136674881,1.84489607709548e-05,1.74364686709446e-05,0.422455817461014,0.422455817461014,-0.374218705024925,-0.374218705024925
lcl|NC_001137.3_cds_NP_011075.3_1685,0.968458473682404,-0.0139125091955066,1.50215807844116e-05,2.47750910338037e-07,0.968473494052887,0.968473494052887,-0.0139122608964385,-0.0139122608964385
lcl|NC_001137.3_cds_NP_011090.3_1701,0.178288012742996,-0.748830437660217,9.46298458662339e-06,2.43814578078699e-05,0.178297474980354,0.178297474980354,-0.748854807188435,-0.748854807188435
lcl|NC_001137.3_cds_NP_011091.1_1702,0.802489459514618,-0.0955587103962898,9.12025590650825e-06,6.89237954921012e-06,0.802480340003967,0.802480340003967,-0.0955655985896069,-0.0955655985896069
lcl|NC_001137.3_cds_NP_011099.1_1710,0.294180989265442,-0.531405925750732,1.15344721596067e-05,3.45741523855561e-06,0.294169455766678,0.294169455766678,-0.531402422977076,-0.531402422977076
lcl|NC_001137.3_cds_NP_011102.3_1713,0.479652881622314,-0.319084316492081,2.38442423723405e-07,1.15941214744587e-05,0.479653120040894,0.479653120040894,-0.31907272619216,-0.31907272619216
lcl|NC_001138.5_cds_NP_116635.1_1780,1.88313126564026,0.274866074323654,7.3795843083819e-05,2.47374809061352e-06,1.88305747509003,1.88305747509003,0.274863575849648,0.274863575849648
lcl|NC_001138.5_cds_NP_116637.1_1782,0.38156720995903,-0.418450981378555,6.02047310450521e-06,1.51707094921281e-05,0.381561189889908,0.381561189889908,-0.418435805545043,-0.418435805545043
lcl|NC_001138.5_cds_NP_116659.1_1804,1.24267506599426,0.0943541377782822,1.43065456128634e-05,1.54987579027223e-06,1.24266076087952,1.24266076087952,0.0943525849680227,0.0943525849680227
lcl|NC_001138.5_cds_NP_116660.1_1805,0.151307448744774,-0.820083618164062,6.11023047097645e-06,3.85079364182269e-05,0.151313558220863,0.151313558220863,-0.820122155937863,-0.820122155937863
lcl|NC_001138.5_cds_NP_116665.1_1810,1.4173675775528,0.151472508907318,5.06686351340087e-05,5.54359027388438e-06,1.41731691360474,1.41731691360474,0.151466969824802,0.151466969824802
lcl|NC_001138.5_cds_NP_116701.3_1847,0.206067010760307,-0.685980260372162,1.04616207258623e-05,1.07896099396326e-05,0.206077471375465,0.206077471375465,-0.6859694831946,-0.6859694831946
lcl|NC_001138.5_cds_NP_116702.1_1848,2.76005458831787,0.440925002098083,0.000181690288006991,2.12810122483801e-05,2.76023626327515,2.76023626327515,0.440946257226512,0.440946257226512
lcl|NC_001139.9_cds_NP_011261.1_1872,6.10885763168335,0.785901606082916,0.000373877735115793,3.18329646125585e-05,6.10848379135132,6.10848379135132,0.785933425829339,0.785933425829339
lcl|NC_001139.9_cds_NP_011266.1_1877,0.183409839868546,-0.736573278903961,3.14453906134949e-06,1.15047067375148e-05,0.183406695723534,0.183406695723534,-0.736584813362279,-0.736584813362279
lcl|NC_001139.9_cds_NP_011274.2_1885,0.216674119234085,-0.664232492446899,3.26376890502866e-06,3.29642045097049e-05,0.216670855879784,0.216670855879784,-0.664199501148105,-0.664199501148105
lcl|NC_001139.9_cds_NP_011302.1_1909,0.805116653442383,-0.0941694676876068,4.53024856566249e-05,3.83738557986633e-06,0.805071353912354,0.805071353912354,-0.0941656261699103,-0.0941656261699103
lcl|NC_001139.9_cds_NP_011305.1_1912,0.662593841552734,-0.178768679499626,1.68702616421267e-05,5.02221084632521e-06,0.662576973438263,0.662576973438263,-0.178763661243778,-0.178763661243778
lcl|NC_001139.9_cds_NP_011359.1_1963,0.885434091091156,-0.0528557486832142,2.15792198792651e-05,1.40084924610181e-06,0.885412514209747,0.885412514209747,-0.0528543440989475,-0.0528543440989475
lcl|NC_001139.9_cds_NP_011385.3_1987,0.44556200504303,-0.351074665784836,1.32331640030083e-05,4.29196368385903e-06,0.44557523727417,0.44557523727417,-0.351078952964519,-0.351078952964519
lcl|NC_001139.9_cds_NP_011404.1_2006,0.261795461177826,-0.582035303115845,6.0506137618907e-06,1.26374487238344e-05,0.261789411306381,0.261789411306381,-0.582047923500346,-0.582047923500346
lcl|NC_001139.9_cds_NP_011421.1_2021,0.47645765542984,-0.321992248296738,1.44253876091464e-05,3.39780453519171e-06,0.476443231105804,0.476443231105804,-0.321988838753334,-0.321988838753334
lcl|NC_001139.9_cds_NP_011488.1_2083,0.751216769218445,-0.124247215688229,1.91349158139128e-05,1.42318553218418e-06,0.751197636127472,0.751197636127472,-0.124245787379872,-0.124245787379872
lcl|NC_001139.9_cds_NP_011519.3_2115,1.09229457378387,0.038355577737093,3.5171302023732e-05,1.81809946358659e-06,1.09232974052429,1.09232974052429,0.0383537582162313,0.0383537582162313
lcl|NC_001139.9_cds_NP_011544.1_2140,0.571027457714081,-0.243359863758087,2.08037881961768e-05,1.02825108687542e-06,0.571006655693054,0.571006655693054,-0.243358829558144,-0.243358829558144
lcl|NC_001139.9_cds_NP_011609.2_2205,0.378635764122009,-0.421780169010162,1.35014969122263e-05,1.36808287433575e-05,0.378622263669968,0.378622263669968,-0.42179385232486,-0.42179385232486
lcl|NC_001139.9_cds_NP_011618.3_2214,0.274655401706696,-0.561258137226105,1.06703655909432e-05,2.93887261522344e-05,0.274644732475281,0.274644732475281,-0.561228726075925,-0.561228726075925
lcl|NC_001139.9_cds_NP_011631.1_2225,1.34085762500763,0.127404823899269,8.30965334897491e-05,4.75392347016304e-06,1.34094071388245,1.34094071388245,0.127409577103739,0.127409577103739
lcl|NC_001139.9_cds_NP_011674.3_2266,0.603692531585693,-0.219192817807198,2.12206046995764e-05,6.64652056239049e-06,0.603671312332153,0.603671312332153,-0.219199462198334,-0.219199462198334
lcl|NC_001139.9_cds_NP_011708.3_2303,15.7843313217163,1.19824159145355,0.000178357375937603,1.04914668195101e-05,15.7845096588135,15.7845096588135,1.19823109520643,1.19823109520643
lcl|NC_001139.9_cds_NP_011711.3_2306,0.670092344284058,-0.173889189958572,3.77327208458346e-05,6.11008719498836e-07,0.670054614543915,0.670054614543915,-0.173889797555298,-0.173889797555298
lcl|NC_001139.9_cds_NP_011716.3_2311,0.923512399196625,-0.0345656797289848,1.91942928272777e-05,6.14725724838224e-07,0.923493206501007,0.923493206501007,-0.0345662950152691,-0.0345662950152691
lcl|NC_001139.9_cds_NP_011736.1_2331,0.699476540088654,-0.155212491750717,2.09232414517246e-05,1.37104395895933e-06,0.69949746131897,0.69949746131897,-0.155213857351086,-0.155213857351086
lcl|NC_001139.9_cds_NP_011750.1_2343,1.90957283973694,0.280925661325455,1.35912181407668e-05,7.48134757372278e-06,1.90955924987793,1.90955924987793,0.280933138224303,0.280933138224303
lcl|NC_001140.6_cds_NP_011848.1_2436,9.87372016906738,0.994466304779053,0.000495948182574302,7.27239785434636e-06,9.87322425842285,9.87322425842285,0.994459001603265,0.994459001603265
lcl|NC_001140.6_cds_NP_011877.1_2468,1.00928974151611,0.00403580768033862,4.61378886384266e-05,9.77955700494227e-08,1.00933587551117,1.00933587551117,0.00403570995158526,0.00403570995158526
lcl|NC_001140.6_cds_NP_011889.1_2481,0.677002251148224,-0.169415384531021,6.19950316108894e-06,9.47792410710664e-06,0.677008450031281,0.677008450031281,-0.169405910666326,-0.169405910666326
lcl|NC_001140.6_cds_NP_011894.1_2486,0.711422264575958,-0.147887110710144,1.63928697974766e-05,4.56012795325413e-06,0.711405873298645,0.711405873298645,-0.147882553641857,-0.147882553641857
lcl|NC_001140.6_cds_NP_011902.1_2494,1.03789341449738,0.0161337461322546,4.59000175823001e-05,1.95591140098845e-07,1.0378475189209,1.0378475189209,0.0161335514356834,0.0161335514356834
lcl|NC_001140.6_cds_NP_011907.1_2499,0.116753980517387,-0.932778716087341,5.33518279547158e-06,3.05801853660916e-05,0.11674864590168,0.11674864590168,-0.932748147856828,-0.932748147856828
lcl|NC_001140.6_cds_NP_011908.1_2500,1.8209582567215,0.260327994823456,6.71208610109586e-05,1.19815957701826e-05,1.82102537155151,1.82102537155151,0.260315996672493,0.260315996672493
lcl|NC_001140.6_cds_NP_011929.1_2521,0.275183379650116,-0.560369670391083,8.34548509096079e-06,5.0072909645022e-06,0.275191724300385,0.275191724300385,-0.560364630555414,-0.560364630555414
lcl|NC_001140.6_cds_NP_011933.1_2525,1.00785219669342,0.00341588328592479,4.38734066866987e-05,1.33423875360385e-07,1.00789606571198,1.00789606571198,0.00341574995175788,0.00341574995175788
lcl|NC_001140.6_cds_NP_011936.1_2528,0.433500379323959,-0.363011240959167,5.81214445086191e-06,6.55716678699573e-06,0.433506190776825,0.433506190776825,-0.363004696109303,-0.363004696109303
lcl|NC_001140.6_cds_NP_011956.1_2550,0.837845623493195,-0.0768451765179634,2.21743610955375e-05,2.30986971545153e-06,0.837823450565338,0.837823450565338,-0.0768474879607246,-0.0768474879607246
lcl|NC_001140.6_cds_NP_012017.1_2610,0.384495168924332,-0.415136814117432,1.69288504385762e-05,8.58392736771806e-06,0.384478241205215,0.384478241205215,-0.415128233214688,-0.415128233214688
lcl|NC_001140.6_cds_NP_012041.1_2634,0.510821640491486,-0.291737854480743,9.2394788618061e-06,1.49921534548293e-05,0.510830879211426,0.510830879211426,-0.291722857951714,-0.291722857951714
lcl|NC_001140.6_cds_NP_012061.3_2655,0.166428789496422,-0.778796494007111,1.31143335243876e-06,2.1519660404905e-05,0.166427478194237,0.166427478194237,-0.778774967450836,-0.778774967450836
lcl|NC_001140.6_cds_NP_012071.1_2666,0.51001101732254,-0.292400449514389,9.83561159741159e-06,1.16242889017238e-05,0.510020852088928,0.510020852088928,-0.292412067505926,-0.292412067505926
lcl|NC_001140.6_cds_NP_012073.1_2668,8.07413864135742,0.907058417797089,0.000246066686007409,2.45587795733263e-05,8.07389259338379,8.07389259338379,0.907082967713507,0.907082967713507
lcl|NC_001141.2_cds_NP_012104.1_2700,2.70920586585999,0.432859510183334,3.02814446832708e-05,1.26671587835022e-05,2.70923614501953,2.70923614501953,0.432846861072009,0.432846861072009
lcl|NC_001141.2_cds_NP_012106.1_2702,0.850362479686737,-0.0703839734196663,2.01480740721032e-05,1.65414550037603e-06,0.850382626056671,0.850382626056671,-0.0703856213502291,-0.0703856213502291
lcl|NC_001141.2_cds_NP_012124.1_2721,1.39076828956604,0.143288999795914,8.81047735728617e-05,6.70613149106426e-06,1.39085638523102,1.39085638523102,0.14328228863929,0.14328228863929
lcl|NC_001141.2_cds_NP_012157.3_2754,1.72121500968933,0.235837310552597,1.83593954630253e-05,6.81043615118684e-06,1.72119665145874,1.72119665145874,0.23583049250324,0.23583049250324
lcl|NC_001141.2_cds_NP_012194.1_2792,1.34653162956238,0.129188746213913,8.71502358525388e-05,2.83150387239406e-07,1.34644448757172,1.34644448757172,0.12918845263185,0.12918845263185
lcl|NC_001141.2_cds_NP_012229.1_2826,0.61547726392746,-0.210804104804993,1.31143335739915e-05,6.85502636584705e-06,0.615464150905609,0.615464150905609,-0.21079723845532,-0.21079723845532
lcl|NC_001141.2_cds_NP_012243.3_2837,0.75342208147049,-0.122948631644249,2.41427163273768e-05,8.94159100803965e-07,0.753446221351624,0.753446221351624,-0.122947740832754,-0.122947740832754
lcl|NC_001141.2_cds_NP_012244.3_2838,0.735351622104645,-0.133502617478371,1.31143335243876e-06,1.56472912079076e-06,0.73535293340683,0.73535293340683,-0.133504170790031,-0.133504170790031
lcl|NC_001141.2_cds_NP_012256.1_2850,0.157650083303452,-0.802293598651886,4.3665922737014e-06,2.42614128981934e-05,0.157645717263222,0.157645717263222,-0.802317823166725,-0.802317823166725
lcl|NC_001142.9_cds_NP_012318.1_2911,0.41296523809433,-0.384064108133316,2.98053039259834e-06,1.92836117865486e-05,0.412968218326569,0.412968218326569,-0.384083369981617,-0.384083369981617
lcl|NC_001142.9_cds_NP_012382.2_2967,1.0859397649765,0.0358121171593666,1.38296609542224e-05,8.49451133797928e-07,1.08595359325409,1.08595359325409,0.0358112666669194,0.0358112666669194
lcl|NC_001142.9_cds_NP_012410.1_2994,0.308847993612289,-0.510248064994812,1.97315668693907e-05,2.06252486333547e-05,0.30886772274971,0.30886772274971,-0.510227473906743,-0.510227473906743
lcl|NC_001142.9_cds_NP_012434.1_3016,0.323964983224869,-0.489508062601089,1.96125089137345e-05,2.01783670044067e-05,0.323945373296738,0.323945373296738,-0.489528218422915,-0.489528218422915
lcl|NC_001142.9_cds_NP_012436.1_3018,0.136696964502335,-0.86425769329071,4.90312722843362e-06,9.53769694893621e-07,0.136692062020302,0.136692062020302,-0.864256705043573,-0.864256705043573
lcl|NC_001142.9_cds_NP_012439.2_3021,1.0042450428009,0.00184878159780055,2.09829336390202e-05,1.17587365322367e-08,1.00426602363586,1.00426602363586,0.0018487698745762,0.0018487698745762
lcl|NC_001142.9_cds_NP_012485.1_3067,1.35940432548523,0.133362099528313,4.85228257963867e-05,2.05650217375085e-06,1.35945284366608,1.35945284366608,0.133364147494829,0.133364147494829
lcl|NC_001142.9_cds_NP_012532.3_3108,0.858711838722229,-0.0661310255527496,4.59594739439302e-05,1.71375659146176e-06,0.858757793903351,0.858757793903351,-0.0661293083500262,-0.0661293083500262
lcl|NC_001142.9_cds_NP_012542.1_3119,14.6258201599121,1.16507983207703,0.000668598327044753,6.03264617467162e-05,14.6264886856079,14.6264886856079,1.1651400795434,1.1651400795434
lcl|NC_001142.9_cds_NP_012543.3_3120,2.52830505371094,0.402830213308334,5.57939930442715e-05,1.0342516619053e-05,2.52824926376343,2.52824926376343,0.402819889444353,0.402819889444353
lcl|NC_001142.9_cds_NP_012585.1_3157,0.970263361930847,-0.0130881406366825,4.94766641449686e-05,8.47557910949369e-08,0.970312833786011,0.970312833786011,-0.0130882244106975,-0.0130882244106975
lcl|NC_001142.9_cds_NP_012596.3_3168,0.214358448982239,-0.668874263763428,8.39010762636982e-06,3.1891230062286e-05,0.214366838335991,0.214366838335991,-0.668842397344901,-0.668842397344901
lcl|NC_001142.9_cds_NP_012608.1_3179,0.619449317455292,-0.207993537187576,1.71678547354361e-05,1.13556430004369e-05,0.619466483592987,0.619466483592987,-0.20798218627644,-0.20798218627644
lcl|NC_001142.9_cds_NP_012655.3_3225,3.70918750762939,0.569319188594818,0.00019099227478054,1.80619193210319e-05,3.70937848091125,3.70937848091125,0.569301148180388,0.569301148180388
lcl|NC_001142.9_cds_NP_012673.3_3244,4.14043235778809,0.617005348205566,0.000271822654739126,1.18623737567784e-05,4.14016056060791,4.14016056060791,0.617017183931017,0.617017183931017
lcl|NC_001142.9_cds_NP_012679.3_3250,7.80436038970947,0.892313063144684,0.000311892898426519,6.85502636584705e-06,7.80404853820801,7.80404853820801,0.892319961877061,0.892319961877061
lcl|NC_001143.9_cds_NP_012710.1_3278,1.43311202526093,0.156292289495468,2.47980126443558e-05,4.61973943090305e-06,1.43313682079315,1.43313682079315,0.156287654234723,0.156287654234723
lcl|NC_001143.9_cds_NP_012727.1_3293,0.749565839767456,-0.125177174806595,3.40368682508092e-05,6.67638801040952e-06,0.749599874019623,0.749599874019623,-0.125170495109322,-0.125170495109322
lcl|NC_001143.9_cds_NP_012735.1_3301,0.219284370541573,-0.658992528915405,3.51700761008642e-06,6.73580415432198e-06,0.219280853867531,0.219280853867531,-0.658999286346545,-0.658999286346545
lcl|NC_001143.9_cds_NP_012739.1_3306,3.16601228713989,0.500493288040161,3.6481023626033e-05,1.43065456128634e-05,3.16597580909729,3.16597580909729,0.500507592138562,0.500507592138562
lcl|NC_001143.9_cds_NP_012819.1_3376,1.24508512020111,0.0951842293143272,4.50663024122182e-05,9.01586725571652e-07,1.24504005908966,1.24504005908966,0.0951833250556153,0.0951833250556153
lcl|NC_001143.9_cds_NP_012865.1_3422,0.267445087432861,-0.572770297527313,1.24584852874291e-05,1.53198159918718e-05,0.267432630062103,0.267432630062103,-0.57278560458578,-0.57278560458578
lcl|NC_001143.9_cds_NP_012866.1_3423,0.56356418132782,-0.249026536941528,2.54541363345832e-05,1.04616207258623e-05,0.563589632511139,0.563589632511139,-0.249037004534676,-0.249037004534676
lcl|NC_001143.9_cds_NP_012868.1_3425,0.413232177495956,-0.383789211511612,1.25178329663261e-05,3.48712456526697e-06,0.413244694471359,0.413244694471359,-0.383792713501472,-0.383792713501472
lcl|NC_001143.9_cds_NP_012889.3_3444,2.89426803588867,0.461513727903366,0.000160000639445076,1.01338033801975e-06,2.89410805702209,2.89410805702209,0.461514742295227,0.461514742295227
lcl|NC_001143.9_cds_NP_012927.3_3482,0.723091602325439,-0.140813305974007,2.14598185809669e-05,6.25891648316306e-06,0.72307014465332,0.72307014465332,-0.140819569983196,-0.140819569983196
lcl|NC_001143.9_cds_NP_012928.1_3483,0.439346373081207,-0.357177793979645,1.35912181407668e-05,1.7287076192778e-06,0.439359962940216,0.439359962940216,-0.357179521075851,-0.357179521075851
lcl|NC_001143.9_cds_NP_013005.1_3555,0.546648263931274,-0.262283802032471,1.8121624783322e-05,6.16963157346608e-06,0.546666383743286,0.546666383743286,-0.262277631437992,-0.262277631437992
lcl|NC_001143.9_cds_NP_013010.3_3560,0.506615221500397,-0.295290231704712,2.70639763490504e-05,8.34548509096079e-06,0.506642282009125,0.506642282009125,-0.295298568834877,-0.295298568834877
lcl|NC_001144.5_cds_NP_013050.1_3600,4.70244741439819,0.67230749130249,0.000240827579211198,5.78203128078843e-06,4.7022066116333,4.7022066116333,0.67230170780059,0.67230170780059
lcl|NC_001144.5_cds_NP_013058.1_3606,0.210149273276329,-0.677476108074188,8.91201642681621e-06,2.2413587937629e-05,0.210158184170723,0.210158184170723,-0.677453692639392,-0.677453692639392
lcl|NC_001144.5_cds_NP_013064.1_3611,0.21051262319088,-0.676743030548096,2.10122998512645e-06,2.5512552628553e-05,0.210514724254608,0.210514724254608,-0.676717522446427,-0.676717522446427
lcl|NC_001144.5_cds_NP_013083.1_3629,3.38747429847717,0.529860377311707,0.000111587986088543,1.31143335243876e-06,3.38736271858215,3.38736271858215,0.529861703359847,0.529861703359847
lcl|NC_001144.5_cds_NP_013099.1_3644,0.199084669351578,-0.700944662094116,6.97424913053394e-06,3.27264460714806e-05,0.199077695608139,0.199077695608139,-0.700977395004876,-0.700977395004876
lcl|NC_001144.5_cds_NP_013129.1_3674,9.61070251464844,0.982756912708282,0.000555089528520983,2.33084647387135e-05,9.61125755310059,9.61125755310059,0.982780215206656,0.982780215206656
lcl|NC_001144.5_cds_NP_013216.1_3758,0.267654061317444,-0.572444021701813,1.05509274292859e-05,7.15327280643172e-07,0.267643511295319,0.267643511295319,-0.572443281115959,-0.572443281115959
lcl|NC_001144.5_cds_NP_013264.1_3815,0.652770698070526,-0.185245662927628,2.1519660404905e-05,8.01762357722457e-06,0.652749180793762,0.652749180793762,-0.185253664548253,-0.185253664548253
lcl|NC_001144.5_cds_NP_013276.1_3825,3.45789885520935,0.538813650608063,0.000133054303187732,1.80619193210319e-05,3.45776581764221,3.45776581764221,0.538795576691027,0.538795576691027
lcl|NC_001144.5_cds_NP_013279.1_3828,0.426402002573013,-0.370150566101074,6.79560907038342e-06,2.32782251574278e-05,0.426408797502518,0.426408797502518,-0.370173843692122,-0.370173843692122
lcl|NC_001144.5_cds_NP_013294.1_3842,0.215562522411346,-0.66648542881012,1.04018940980884e-05,3.77327208458346e-05,0.215552121400833,0.215552121400833,-0.666447698589995,-0.666447698589995
lcl|NC_001144.5_cds_NP_013296.1_3844,1.01416265964508,0.00611639907583594,1.99096291985254e-05,2.5753284773207e-07,1.01418256759644,1.01418256759644,0.0061161413511368,0.0061161413511368
lcl|NC_001144.5_cds_NP_013350.1_3894,8.84127330780029,0.946500301361084,0.000357665358008943,3.20704943088983e-05,8.84163093566895,8.84163093566895,0.946532382776638,0.946532382776638
lcl|NC_001144.5_cds_NP_013372.1_3916,1.83797240257263,0.26435774564743,4.68538929576752e-05,7.68958393773152e-06,1.83801925182343,1.83801925182343,0.264350055971144,0.264350055971144
lcl|NC_001144.5_cds_NP_013376.1_3920,1.04380083084106,0.0186212304979563,7.39171524635082e-06,5.16018579755287e-07,1.04380822181702,1.04380822181702,0.0186207133622264,0.0186207133622264
lcl|NC_001144.5_cds_NP_013377.1_3921,0.315544217824936,-0.500970721244812,9.77613951198138e-06,1.74663690948056e-05,0.315534442663193,0.315534442663193,-0.500953227728434,-0.500953227728434
lcl|NC_001144.5_cds_NP_013396.1_3938,6.01953792572021,0.779544949531555,6.58080695600271e-05,2.29500087911501e-05,6.01960372924805,6.01960372924805,0.779567902575864,0.779567902575864
lcl|NC_001144.5_cds_NP_013404.1_3945,2.62086391448975,0.418451309204102,3.6004133440449e-05,1.28161518987013e-05,2.6208279132843,2.6208279132843,0.418438505584288,0.418438505584288
lcl|NC_001144.5_cds_NP_013429.1_3968,7.80859518051147,0.89257800579071,3.48113849655252e-05,3.1593621809586e-06,7.80862998962402,7.80862998962402,0.892574844358968,0.892574844358968
lcl|NC_001144.5_cds_NP_013464.3_4000,0.206852346658707,-0.684325933456421,9.00103336011226e-06,5.24573340975505e-06,0.206861346960068,0.206861346960068,-0.684320651771197,-0.684320651771197
lcl|NC_001144.5_cds_NP_013543.3_4077,0.19183737039566,-0.717041254043579,8.88181084846064e-06,5.42437063007596e-06,0.191846251487732,0.191846251487732,-0.717046682126847,-0.717046682126847
lcl|NC_001144.5_cds_NP_013546.1_4080,6.80708885192871,0.832996487617493,0.000195996241470976,2.25331512061091e-05,6.80728483200073,6.80728483200073,0.832973922835859,0.832973922835859
lcl|NC_001145.3_cds_NP_013586.1_4116,1.39551472663879,0.144735872745514,2.99253902948911e-05,7.86860019730564e-06,1.39554464817047,1.39554464817047,0.144743735589162,0.144743735589162
lcl|NC_001145.3_cds_NP_013597.1_4126,0.875484883785248,-0.057759590446949,2.06252486333547e-05,1.99320187889288e-06,0.875464260578156,0.875464260578156,-0.0577615785931084,-0.0577615785931084
lcl|NC_001145.3_cds_NP_013601.1_4130,2.06769680976868,0.315512657165527,4.43487221910751e-05,1.64821022548525e-05,2.06774115562439,2.06774115562439,0.315496171888121,0.315496171888121
lcl|NC_001145.3_cds_NP_013648.1_4172,8.11755847930908,0.909451246261597,0.000422510769161865,3.21897283025751e-06,8.11798095703125,8.11798095703125,0.909448028224683,0.909448028224683
lcl|NC_001145.3_cds_NP_013663.1_4188,0.282026559114456,-0.549714088439941,1.3352776020819e-05,2.46785262938643e-05,0.282039910554886,0.282039910554886,-0.54968943172555,-0.54968943172555
lcl|NC_001145.3_cds_NP_013690.1_4214,2.10342192649841,0.322885096073151,0.000127087718945566,1.50517237006999e-05,2.10329484939575,2.10329484939575,0.322900158321001,0.322900158321001
lcl|NC_001145.3_cds_NP_013752.1_4276,0.778075993061066,-0.10898045450449,4.29196368385903e-06,7.45132577688e-08,0.778071701526642,0.778071701526642,-0.108980379690877,-0.108980379690877
lcl|NC_001145.3_cds_NP_013774.1_4295,1.55515170097351,0.191769152879715,4.05337112863989e-05,7.70448441825928e-06,1.55511116981506,1.55511116981506,0.191761440765744,0.191761440765744
lcl|NC_001145.3_cds_NP_013805.1_4324,0.143899247050285,-0.841988980770111,7.79417536264431e-06,2.39631915403653e-05,0.143891453742981,0.143891453742981,-0.841964999687334,-0.841964999687334
lcl|NC_001145.3_cds_NP_013810.1_4329,1.04052972793579,0.0172625351697206,1.78825412508508e-05,5.79359022232531e-07,1.04054760932922,1.04054760932922,0.0172619557595102,0.0172619557595102
lcl|NC_001145.3_cds_NP_013817.1_4336,2.16859912872314,0.336179882287979,2.81360608806914e-05,6.22924264371457e-06,2.16857099533081,2.16857099533081,0.33617364478116,0.33617364478116
lcl|NC_001145.3_cds_NP_013824.1_4344,0.28307893872261,-0.548096120357513,7.12340918705389e-06,7.21269380457322e-06,0.28307181596756,0.28307181596756,-0.548103368992694,-0.548103368992694
lcl|NC_001145.3_cds_NP_013834.1_4354,9.26458835601807,0.966806650161743,5.15035652841202e-05,2.18775411062628e-05,9.26463985443115,9.26463985443115,0.966828541596282,0.966828541596282
lcl|NC_001145.3_cds_NP_013840.1_4359,3.57818078994751,0.55370557308197,0.000184551554553707,2.08634097430612e-05,3.57836532592773,3.57836532592773,0.553684676906382,0.553684676906382
lcl|NC_001145.3_cds_NP_013950.1_4465,0.502923727035522,-0.298501819372177,1.97899847249081e-05,1.31444966458771e-05,0.502903938293457,0.502903938293457,-0.298514963360144,-0.298514963360144
lcl|NC_001145.3_cds_NP_013953.1_4468,1.54931485652924,0.190127834677696,1.66909701819216e-05,7.18301975447114e-06,1.5492981672287,1.5492981672287,0.190135007120538,0.190135007120538
lcl|NC_001145.3_cds_NP_013955.1_4470,0.288688033819199,-0.539568483829498,9.74665307582872e-06,1.74056924827626e-05,0.288678288459778,0.288678288459778,-0.539585878248442,-0.539585878248442
lcl|NC_001145.3_cds_NP_013969.3_4485,7.76397657394409,0.890094339847565,0.000285650121976444,2.61101512402292e-05,7.76369094848633,7.76369094848633,0.890068238973096,0.890068238973096
lcl|NC_001145.3_cds_NP_014011.1_4529,0.281414389610291,-0.550623297691345,1.07299092904835e-05,1.38296609542224e-05,0.28142511844635,0.28142511844635,-0.550637142452802,-0.550637142452802
lcl|NC_001145.3_cds_NP_014016.1_4534,0.187866151332855,-0.726129174232483,1.13260154895762e-06,2.49169705748583e-05,0.187865018844604,0.187865018844604,-0.726154079596577,-0.726154079596577
lcl|NC_001145.3_cds_NP_014051.3_4565,2.39744091033936,0.379752635955811,8.13106789872442e-05,1.94625138215825e-05,2.39735960960388,2.39735960960388,0.379733184118176,0.379733184118176
lcl|NC_001146.8_cds_NP_014153.1_4659,0.357057869434357,-0.44726026058197,1.21307064490967e-05,1.36208723023737e-05,0.357069998979568,0.357069998979568,-0.447246637695679,-0.447246637695679
lcl|NC_001146.8_cds_NP_014160.2_4666,2.21616339683533,0.345608294010162,6.24704556766395e-05,5.72261824514537e-06,2.21622586250305,2.21622586250305,0.34561401861966,0.34561401861966
lcl|NC_001146.8_cds_NP_014167.1_4672,0.27369236946106,-0.562738597393036,1.40088951005126e-05,2.34870486595903e-05,0.273706376552582,0.273706376552582,-0.56271508468947,-0.56271508468947
lcl|NC_001146.8_cds_NP_014178.1_4681,0.258554041385651,-0.587418437004089,7.6599079959359e-06,1.74056924827626e-05,0.258561700582504,0.258561700582504,-0.587435804504019,-0.587435804504019
lcl|NC_001146.8_cds_NP_014222.2_4721,0.274499326944351,-0.561501443386078,5.42437063007596e-06,3.41565120922587e-05,0.274493902921677,0.274493902921677,-0.561467297687038,-0.561467297687038
lcl|NC_001146.8_cds_NP_014231.1_4727,0.909176349639893,-0.0413630232214928,2.2055633987713e-05,6.14725724838224e-07,0.909154295921326,0.909154295921326,-0.0413624048081265,-0.0413624048081265
lcl|NC_001146.8_cds_NP_014264.1_4762,4.66669082641602,0.66900509595871,0.000185988622427581,2.12206046995764e-05,4.66687679290771,4.66687679290771,0.669026335518406,0.669026335518406
lcl|NC_001146.8_cds_NP_014307.1_4803,0.158039480447769,-0.801254153251648,7.27239785434636e-06,3.97002787105777e-05,0.158046752214432,0.158046752214432,-0.801214424277695,-0.801214424277695
lcl|NC_001146.8_cds_NP_014337.3_4833,0.67287003993988,-0.172053575515747,3.88654764595599e-05,9.85038362703485e-06,0.672908902168274,0.672908902168274,-0.172043726212179,-0.172043726212179
lcl|NC_001146.8_cds_NP_014353.1_4850,1.60104441642761,0.20439238846302,7.40378855751979e-05,9.09057052411635e-06,1.6009703874588,1.6009703874588,0.204383299013506,0.204383299013506
lcl|NC_001146.8_cds_NP_014397.1_4892,0.307168990373611,-0.51260381937027,1.52005945755599e-05,2.68247732262087e-06,0.307184189558029,0.307184189558029,-0.512601140738195,-0.512601140738195
lcl|NC_001146.8_cds_NP_014404.3_4898,0.257070928812027,-0.589928150177002,7.21269380457322e-06,3.11176261478715e-05,0.257063716650009,0.257063716650009,-0.589959217681114,-0.589959217681114
lcl|NC_001146.8_cds_NP_014413.1_4907,2.86516880989075,0.457135051488876,0.000128521083913655,4.32168256617076e-06,2.86504030227661,2.86504030227661,0.457130735529668,0.457130735529668
lcl|NC_001146.8_cds_NP_014448.1_4941,2.80544900894165,0.447997719049454,5.81791828347709e-05,4.32168256617076e-06,2.80539083480835,2.80539083480835,0.447993373819102,0.447993373819102
lcl|NC_001146.8_cds_NP_014469.1_4962,1.92189490795135,0.283732861280441,5.00713318653044e-05,8.0771849573706e-06,1.92194497585297,1.92194497585297,0.283740949916554,0.283740949916554
lcl|NC_001147.6_cds_NP_014492.1_4989,0.293546617031097,-0.532315731048584,3.21897283025751e-06,1.19221215703933e-05,0.29354339838028,0.29354339838028,-0.53232768220594,-0.53232768220594
lcl|NC_001147.6_cds_NP_014502.1_4999,3.42489385604858,0.53466659784317,7.2962047252066e-05,1.01933738682764e-05,3.42496681213379,3.42496681213379,0.534656367543191,0.534656367543191
lcl|NC_001147.6_cds_NP_014586.1_5083,1.99021422863007,0.298869907855988,5.72261824514537e-05,1.74364686709446e-05,1.99015700817108,1.99015700817108,0.298887340275283,0.298887340275283
lcl|NC_001147.6_cds_NP_014593.1_5089,0.673527181148529,-0.171648129820824,1.68098398810116e-05,7.58535474606406e-06,0.673510372638702,0.673510372638702,-0.171655711381141,-0.171655711381141
lcl|NC_001147.6_cds_NP_014621.1_5115,1.10641062259674,0.0438997484743595,4.00583277160176e-05,8.68073420771221e-07,1.10637056827545,1.10637056827545,0.0439006141316438,0.0439006141316438
lcl|NC_001147.6_cds_NP_014634.1_5129,0.190230220556259,-0.720717251300812,1.2249765091936e-05,3.11767014505772e-05,0.190217971801758,0.190217971801758,-0.720748453299705,-0.720748453299705
lcl|NC_001147.6_cds_NP_014706.1_5199,11.1406965255737,1.0468864440918,0.000371011887182678,4.04157704215963e-05,11.1410675048828,11.1410675048828,1.04692680567329,1.04692680567329
lcl|NC_001147.6_cds_NP_014732.1_5224,0.645980417728424,-0.189806148409843,2.6824525964257e-05,7.46632008725787e-06,0.645953595638275,0.645953595638275,-0.189798679964827,-0.189798679964827
lcl|NC_001147.6_cds_NP_014776.1_5266,10.0234537124634,1.00098824501038,0.00014115791898573,3.52894797464324e-05,10.0235948562622,10.0235948562622,1.00102350458969,1.00102350458969
lcl|NC_001147.6_cds_NP_014794.3_5283,1.72995316982269,0.238037079572678,9.89499236245407e-06,2.38442423723405e-07,1.72996306419373,1.72996306419373,0.238036830765737,0.238036830765737
lcl|NC_001147.6_cds_NP_014802.3_5291,0.306966602802277,-0.512938261032104,1.61249516536875e-05,6.55716678699573e-06,0.306950479745865,0.306950479745865,-0.512931683505971,-0.512931683505971
lcl|NC_001147.6_cds_NP_014837.1_5328,0.248412922024727,-0.604813873767853,2.41413982582622e-06,1.61543699147412e-05,0.248410508036613,0.248410508036613,-0.604830036974551,-0.604830036974551
lcl|NC_001147.6_cds_NP_014850.1_5338,1.65634632110596,0.219170361757278,5.82984179821884e-05,3.93430009865282e-06,1.65640461444855,1.65640461444855,0.219166431699182,0.219166431699182
lcl|NC_001147.6_cds_NP_014852.1_5340,1.37692368030548,0.138894647359848,6.05628893665417e-05,3.88970326848394e-06,1.37686312198639,1.37686312198639,0.138890767910717,0.138890767910717
lcl|NC_001147.6_cds_NP_014877.3_5363,7.41632890701294,0.870161116123199,1.52603151182979e-05,2.87918526828056e-05,7.416344165802,7.416344165802,0.870189875645671,0.870189875645671
lcl|NC_001147.6_cds_NP_014893.1_5377,0.267003029584885,-0.573486387729645,2.68247732262087e-06,1.8479288115877e-06,0.26700034737587,0.26700034737587,-0.573488173604244,-0.573488173604244
lcl|NC_001147.6_cds_NP_014897.1_5381,1.11910498142242,0.048857644200325,4.07734954731057e-05,2.63773185732148e-06,1.1190642118454,1.1190642118454,0.0488550070377699,0.0488550070377699
lcl|NC_001147.6_cds_NP_014957.2_5437,7.34626817703247,0.866036891937256,0.000163574938064792,3.95799694498163e-05,7.34643173217773,7.34643173217773,0.866076447204607,0.866076447204607
lcl|NC_001147.6_cds_NP_014985.1_5462,0.828795194625854,-0.0815752893686295,4.70932310439877e-05,2.16084128308538e-06,0.828748106956482,0.828748106956482,-0.0815774506104499,-0.0815774506104499
lcl|NC_001147.6_cds_NP_015002.3_5480,0.316519021987915,-0.499610304832458,1.50517237006999e-05,1.05509274292859e-05,0.316503971815109,0.316503971815109,-0.499620835641691,-0.499620835641691
lcl|NC_001147.6_cds_NP_015006.3_5484,2.43654274940491,0.386809021234512,7.39158308944488e-05,2.18171892694036e-05,2.43661665916443,2.43661665916443,0.386787209158114,0.386787209158114
lcl|NC_001148.4_cds_NP_015083.1_5560,0.154159590601921,-0.812014698982239,2.08637125325298e-07,1.5379167875463e-05,0.154159381985664,0.154159381985664,-0.812030039405754,-0.812030039405754
lcl|NC_001148.4_cds_NP_015089.1_5565,1.26956868171692,0.103674620389938,6.5094368048973e-05,3.85224220912964e-06,1.26963376998901,1.26963376998901,0.103678465357405,0.103678465357405
lcl|NC_001148.4_cds_NP_015093.1_5569,3.78044581413269,0.577555477619171,1.50215807844116e-05,1.4128031708231e-05,3.78043079376221,3.78043079376221,0.577541292084181,0.577541292084181
lcl|NC_001148.4_cds_NP_015136.1_5611,0.361295253038406,-0.442144334316254,1.79133000175143e-05,1.49626951474456e-05,0.361277341842651,0.361277341842651,-0.442159275136314,-0.442159275136314
lcl|NC_001148.4_cds_NP_015171.1_5644,3.180903673172,0.502587556838989,0.000187415571830701,1.14452364902907e-05,3.18109107017517,3.18109107017517,0.502576102527165,0.502576102527165
lcl|NC_001148.4_cds_NP_015180.1_5654,1.90041661262512,0.278853267431259,8.13106789872442e-05,1.4128031708231e-05,1.9004979133606,1.9004979133606,0.278867397108564,0.278867397108564
lcl|NC_001148.4_cds_NP_015181.1_5655,0.143366411328316,-0.843558132648468,7.60029728777995e-06,1.74663690948056e-05,0.143358811736107,0.143358811736107,-0.843575607421002,-0.843575607421002
lcl|NC_001148.4_cds_NP_015182.1_5656,8.54696750640869,0.931841969490051,0.000335726938224323,1.287589132103e-05,8.54730319976807,8.54730319976807,0.93182911002567,0.93182911002567
lcl|NC_001148.4_cds_NP_015219.1_5691,4.82991504669189,0.683896124362946,0.000264201512834707,1.96125089137345e-05,4.82965087890625,4.82965087890625,0.683915738030078,0.683915738030078
lcl|NC_001148.4_cds_NP_015234.1_5706,1.48180496692657,0.170772865414619,8.16680158962836e-05,5.73750219778751e-06,1.48172330856323,1.48172330856323,0.17076711269654,0.17076711269654
lcl|NC_001148.4_cds_NP_015297.1_5768,3.17285060882568,0.501460075378418,2.43211271139131e-05,1.37699292641422e-05,3.17282629013062,3.17282629013062,0.501446295452803,0.501446295452803
lcl|NC_001148.4_cds_NP_015324.1_5794,0.338164657354355,-0.470847696065903,1.25178329663261e-05,8.01762357722457e-06,0.338177174329758,0.338177174329758,-0.470855708971191,-0.470855708971191
lcl|NC_001148.4_cds_NP_015335.1_5804,1.70692086219788,0.232181057333946,8.67899300812154e-05,1.02680523237286e-05,1.70683407783508,1.70683407783508,0.232191305190314,0.232191305190314
lcl|NC_001148.4_cds_NP_015357.1_5826,0.434434533119202,-0.362068742513657,9.77613951198138e-06,1.66909701819216e-05,0.434424757957458,0.434424757957458,-0.362085432180915,-0.362085432180915
lcl|NC_001148.4_cds_NP_015360.2_5829,4.82032108306885,0.683101773262024,8.01166554320352e-05,1.85985094832668e-05,4.82040119171143,4.82040119171143,0.683083185146658,0.683083185146658
lcl|NC_001148.4_cds_NP_015405.1_5868,11.1406078338623,1.04687798023224,0.000190753945126293,2.34870486595903e-05,11.140417098999,11.140417098999,1.04690145119701,1.04690145119701
lcl|NC_001148.4_cds_NP_015435.1_5895,1.59619784355164,0.203109815716743,3.89866123033149e-05,1.24882332761729e-05,1.59623682498932,1.59623682498932,0.203097325708871,0.203097325708871
lcl|NC_001148.4_cds_NP_015486.1_5947,2.02409744262695,0.306236118078232,1.88362539690631e-05,8.7331845474028e-06,2.0240786075592,2.0240786075592,0.306227374850705,0.306227374850705
lcl|NC_001148.4_cds_NP_015507.1_5967,1.87888491153717,0.273889392614365,5.60355804020504e-05,2.14598184192951e-06,1.87882888317108,1.87882888317108,0.273887227956497,0.273887227956497
lcl|NC_001148.4_cds_NP_015508.1_5968,0.235309228301048,-0.62835818529129,3.81507877957449e-06,4.1727425454804e-06,0.235313042998314,0.235313042998314,-0.628353999958677,-0.628353999958677
lcl|NC_001148.4_cds_NP_015517.1_5977,1.89951324462891,0.278677403926849,9.60940243481794e-05,1.31143335739915e-05,1.89960932731628,1.89960932731628,0.278664293354731,0.278664293354731
lcl|NC_001148.4_cds_NP_015519.1_5979,0.552087187767029,-0.257980138063431,1.19221215703933e-05,2.83140535353906e-06,0.552099108695984,0.552099108695984,-0.257982953980543,-0.257982953980543
