GeneID,Mean,Mean.log10,Std.Dev,log10.Std.Dev,0.025,0.975,log10.0.025,log10.0.975
lcl|NC_000913.3_cds_NP_414543.1_2,0.745795965194702,-0.127398833632469,2.89712365616029e-05,1.99689926782087e-06,0.745766997337341,0.745766997337341,-0.127396839520454,-0.127396839520454
lcl|NC_000913.3_cds_NP_414550.1_9,0.882048606872559,-0.0545205995440483,2.56323037974025e-05,4.95501820676074e-07,0.882022976875305,0.882022976875305,-0.0545201012625325,-0.0545201012625325
lcl|NC_000913.3_cds_NP_414554.1_12,0.748225212097168,-0.125995248556137,4.42315111238522e-05,1.90753938978724e-06,0.748180985450745,0.748180985450745,-0.125993333318717,-0.125993333318717
lcl|NC_000913.3_cds_NP_414555.1_13,4.52801704406738,0.655944883823395,0.000173112740587383,2.02078852107982e-05,4.52819013595581,4.52819013595581,0.655924654324817,0.655924654324817
lcl|NC_000913.3_cds_NP_414556.1_14,1.85934829711914,0.269331336021423,8.83445147595407e-05,8.79282550593299e-06,1.85925996303558,1.85925996303558,0.269340117377369,0.269340117377369
lcl|NC_000913.3_cds_NP_414567.1_25,2.39127087593079,0.378629595041275,0.000120887381854892,2.27709685149468e-05,2.39114999771118,2.39114999771118,0.378606820421502,0.378606820421502
lcl|NC_000913.3_cds_NP_414569.1_27,1.45602691173553,0.163147956132889,5.68682001223772e-05,4.48565231374582e-06,1.45597004890442,1.45597004890442,0.163152441096985,0.163152441096985
lcl|NC_000913.3_cds_NP_414570.1_28,1.49596798419952,0.174909949302673,6.79556636847815e-05,7.37694938270354e-06,1.49590003490448,1.49590003490448,0.174902572311907,0.174902572311907
lcl|NC_000913.3_cds_NP_414573.1_31,1.25988531112671,0.100339971482754,1.46638324298804e-05,3.90440347978997e-06,1.25989997386932,1.25989997386932,0.100336066926308,0.100336066926308
lcl|NC_000913.3_cds_NP_414574.1_32,2.56517744064331,0.409082442522049,8.75101644250513e-05,2.01783670044067e-05,2.56508994102478,2.56508994102478,0.409102597598301,0.409102597598301
lcl|NC_000913.3_cds_NP_414577.2_34,0.261147141456604,-0.583088517189026,4.85818455744499e-06,1.8121624783322e-05,0.261151999235153,0.261151999235153,-0.583106645096099,-0.583106645096099
lcl|NC_000913.3_cds_NP_414583.2_40,0.927721679210663,-0.032597616314888,3.3680326307897e-05,4.47079550401982e-07,0.927688002586365,0.927688002586365,-0.032598059921047,-0.032598059921047
lcl|NC_000913.3_cds_NP_414584.1_41,1.66307854652405,0.220894157886505,4.85228257963867e-05,5.93118687838922e-06,1.6630300283432,1.6630300283432,0.220900091087237,0.220900091087237
lcl|NC_000913.3_cds_NP_414590.1_47,0.801022410392761,-0.0963679254055023,1.44253876091464e-05,4.77629415712271e-06,0.801007986068726,0.801007986068726,-0.0963631539678347,-0.0963631539678347
lcl|NC_000913.3_cds_NP_414592.1_49,0.528831899166107,-0.276653677225113,3.01034474013997e-05,3.96401456540859e-06,0.528861999511719,0.528861999511719,-0.276657637358531,-0.276657637358531
lcl|NC_000913.3_cds_NP_414595.1_52,1.95507168769836,0.291140347719193,5.17414987969261e-05,1.08487412601519e-05,1.9550199508667,1.9550199508667,0.29115119370483,0.29115119370483
lcl|NC_000913.3_cds_NP_414596.1_53,1.4441990852356,0.159605756402016,8.90579863356168e-05,5.4693852765657e-06,1.4441100358963,1.4441100358963,0.159600286143519,0.159600286143519
lcl|NC_000913.3_cds_NP_414600.1_56,0.496902823448181,-0.303720623254776,7.83894426817038e-06,1.47538987654071e-05,0.496894985437393,0.496894985437393,-0.303735386043475,-0.303735386043475
lcl|NC_000913.3_cds_NP_414601.1_57,2.07285618782043,0.316536217927933,9.60940243481794e-05,1.28161518987013e-05,2.07276010513306,2.07276010513306,0.316549041097361,0.316549041097361
lcl|NC_000913.3_cds_NP_414602.1_58,0.744695782661438,-0.127990797162056,5.02519784025945e-05,9.98449633910437e-07,0.744746029376984,0.744746029376984,-0.127991803553352,-0.127991803553352
lcl|NC_000913.3_cds_NP_414603.1_59,1.00029790401459,0.000121593569929246,1.78825412508508e-05,1.68819103445098e-09,1.00028002262115,1.00028002262115,0.000121595255258999,0.000121595255258999
lcl|NC_000913.3_cds_NP_414608.1_64,0.511382937431335,-0.29125913977623,5.96106059308513e-08,5.42437063007596e-06,0.51138299703598,0.51138299703598,-0.291253715919008,-0.291253715919008
lcl|NC_000913.3_cds_NP_414614.1_71,1.55188071727753,0.19087253510952,8.92957353084023e-05,1.07896099396326e-05,1.5519700050354,1.5519700050354,0.190883323382548,0.190883323382548
lcl|NC_000913.3_cds_NP_414620.1_77,0.344762682914734,-0.462428033351898,2.13109281244504e-05,2.48575532791183e-05,0.344783991575241,0.344783991575241,-0.462452906803052,-0.462452906803052
lcl|NC_000913.3_cds_NP_414622.1_78,0.782727062702179,-0.106382444500923,2.29500087911501e-05,5.5215321724713e-06,0.782750010490417,0.782750010490417,-0.106376917890631,-0.106376917890631
lcl|NC_000913.3_cds_NP_414624.1_80,1.02716064453125,0.0116345640271902,1.06103023497882e-05,6.78046328759495e-07,1.02715003490448,1.02715003490448,0.0116338852447891,0.0116338852447891
lcl|NC_000913.3_cds_NP_414626.1_82,1.02798938751221,0.0119933597743511,1.06103023497882e-05,2.46830119724682e-07,1.02799999713898,1.02799999713898,0.0119931134505736,0.0119931134505736
lcl|NC_000913.3_cds_NP_414627.1_83,1.05566692352295,0.0235366579145193,2.31281251231537e-05,2.29122381716881e-07,1.05569005012512,1.05569005012512,0.0235364283502329,0.0235364283502329
lcl|NC_000913.3_cds_NP_414628.1_84,1.28416991233826,0.108608603477478,4.99529331046914e-05,2.99539894254566e-06,1.28411996364594,1.28411996364594,0.108605597810552,0.108605597810552
lcl|NC_000913.3_cds_NP_414630.1_86,1.07125115394592,0.0298705529421568,5.11469914869484e-05,1.67654831400743e-08,1.07120001316071,1.07120001316071,0.0298705693396712,0.0298705693396712
lcl|NC_000913.3_cds_NP_414633.1_89,0.983197391033173,-0.0073704095557332,2.64069230726166e-05,5.36979272471363e-07,0.983170986175537,0.983170986175537,-0.00737094616084685,-0.00737094616084685
lcl|NC_000913.3_cds_NP_414635.1_91,0.443605273962021,-0.353000283241272,1.27270681672916e-05,9.44816098364936e-06,0.44361799955368,0.44361799955368,-0.352990840908246,-0.352990840908246
lcl|NC_000913.3_cds_NP_414636.1_92,0.636245429515839,-0.19635383784771,1.95522790239628e-05,8.15190346965941e-06,0.636264979839325,0.636264979839325,-0.196361979767208,-0.196361979767208
lcl|NC_000913.3_cds_NP_414637.1_93,2.34186220169067,0.369596689939499,7.77309529191199e-05,2.09534628123495e-05,2.34193992614746,2.34193992614746,0.369575750652109,0.369575750652109
lcl|NC_000913.3_cds_NP_414640.1_96,2.42293310165405,0.384375005960464,0.000146875163704202,7.24280914040072e-06,2.42307996749878,2.42307996749878,0.384367747142198,0.384367747142198
lcl|NC_000913.3_cds_NP_414645.1_100,0.379752963781357,-0.420527249574661,1.69589772837147e-05,9.03095966051597e-06,0.379736006259918,0.379736006259918,-0.42051822145748,-0.42051822145748
lcl|NC_000913.3_cds_NP_414646.1_101,1.70117032527924,0.230726420879364,2.03867477365529e-05,1.6184730244095e-05,1.70114994049072,1.70114994049072,0.230742594305023,0.230742594305023
lcl|NC_000913.3_cds_NP_414651.1_105,0.566183924674988,-0.247020453214645,3.50503519081319e-05,4.85818455744499e-06,0.566218972206116,0.566218972206116,-0.247015582893233,-0.247015582893233
lcl|NC_000913.3_cds_NP_414657.1_111,3.57812190055847,0.553688406944275,4.19658672780404e-05,3.83292770807815e-05,3.57807993888855,3.57807993888855,0.5536500390347,0.5536500390347
lcl|NC_000913.3_cds_NP_414658.1_112,3.84881711006165,0.585290253162384,4.72100158919915e-05,3.17121165232687e-05,3.84876990318298,3.84876990318298,0.585321947788537,0.585321947788537
lcl|NC_000913.3_cds_NP_414660.1_114,2.72385740280151,0.435189634561539,7.24864991332879e-05,6.28907812269899e-06,2.72392988204956,2.72392988204956,0.435195924007674,0.435195924007674
lcl|NC_000913.3_cds_NP_414665.1_119,0.860296845436096,-0.0653710439801216,4.38734066866987e-05,2.77179513694219e-06,0.860252976417542,0.860252976417542,-0.0653738160746837,-0.0653738160746837
lcl|NC_000913.3_cds_NP_414666.1_120,1.45665287971497,0.16337651014328,5.71073506011347e-05,3.39780453519171e-06,1.45670998096466,1.45670998096466,0.163373095898998,0.163373095898998
lcl|NC_000913.3_cds_NP_414685.4_139,1.67080843448639,0.222910955548286,3.83885856545555e-05,5.72261824514537e-06,1.67077004909515,1.67077004909515,0.222916681322979,0.222916681322979
lcl|NC_000913.3_cds_NP_414690.4_144,0.384545981884003,-0.415039151906967,9.03095966051597e-06,2.35453174613288e-06,0.384555011987686,0.384555011987686,-0.415041524019291,-0.415041524019291
lcl|NC_000913.3_cds_NP_414691.1_145,1.32456529140472,0.122064307332039,4.53024856566249e-05,5.7896395758172e-06,1.32451999187469,1.32451999187469,0.122058517782618,0.122058517782618
lcl|NC_000913.3_cds_NP_414692.1_146,1.78817522525787,0.252432107925415,6.47389209763799e-05,6.28907812269899e-06,1.7882399559021,1.7882399559021,0.252425794399513,0.252425794399513
lcl|NC_000913.3_cds_NP_414693.1_147,0.859196782112122,-0.0658898279070854,2.92100428018084e-05,2.77179513694219e-06,0.859225988388062,0.859225988388062,-0.065892595654252,-0.065892595654252
lcl|NC_000913.3_cds_NP_414703.1_157,2.51782035827637,0.401024371385574,3.95799694498163e-05,7.18301975447114e-06,2.5178599357605,2.5178599357605,0.401031567384947,0.401031567384947
lcl|NC_000913.3_cds_NP_414706.2_160,0.343291193246841,-0.464334905147552,1.38003377849506e-05,1.50215807844116e-05,0.343304991722107,0.343304991722107,-0.464319881801149,-0.464319881801149
lcl|NC_000913.3_cds_NP_414711.1_164,5.84947299957275,0.76708996295929,0.000322853872070507,2.80169849220362e-06,5.84915018081665,5.84915018081665,0.767092772305814,0.767092772305814
lcl|NC_000913.3_cds_NP_414714.1_167,2.28682518005371,0.359226673841476,7.5111206452324e-05,7.95824115313963e-06,2.28675007820129,2.28675007820129,0.359218702608897,0.359218702608897
lcl|NC_000913.3_cds_NP_414718.1_171,0.341767162084579,-0.46630322933197,1.51707094921281e-05,1.43065456128634e-05,0.341751992702484,0.341751992702484,-0.466288944449475,-0.466288944449475
lcl|NC_000913.3_cds_NP_414719.1_172,1.95119750499725,0.290317505598068,9.25125004926149e-05,4.32168256617076e-06,1.95129001140594,1.95129001140594,0.29032182141559,0.29032182141559
lcl|NC_000913.3_cds_NP_414723.1_176,1.22457826137543,0.0879753828048706,3.82698316278257e-05,2.40674602613918e-06,1.22453999519348,1.22453999519348,0.087972974359197,0.087972974359197
lcl|NC_000913.3_cds_NP_414727.1_180,2.21377801895142,0.345095008611679,0.000138056710041373,1.19815957701826e-05,2.21363997459412,2.21363997459412,0.34510698882755,0.34510698882755
lcl|NC_000913.3_cds_NP_414734.1_188,0.57959121465683,-0.236866652965546,1.37699292641422e-05,1.25182274112555e-06,0.579604983329773,0.579604983329773,-0.23686788920618,-0.23686788920618
lcl|NC_000913.3_cds_NP_414736.1_190,2.84087657928467,0.453472942113876,0.000103482997593852,4.73896205355332e-06,2.840980052948,2.840980052948,0.453468184470903,0.453468184470903
lcl|NC_000913.3_cds_NP_414737.1_191,0.78740119934082,-0.103792123496532,1.68098398810116e-05,2.53335695539993e-06,0.787418007850647,0.787418007850647,-0.103794657337587,-0.103794657337587
lcl|NC_000913.3_cds_NP_414738.1_192,0.650893330574036,-0.186474993824959,1.76447398732162e-05,3.42751318292352e-06,0.650910973548889,0.650910973548889,-0.186478406731958,-0.186478406731958
lcl|NC_000913.3_cds_NP_414739.1_193,2.26953268051147,0.355950444936752,2.74201054633882e-05,8.76258797703298e-06,2.26956009864807,2.26956009864807,0.355941687482327,0.355941687482327
lcl|NC_000913.3_cds_NP_414745.1_199,0.310300230979919,-0.508226633071899,1.1236954565867e-05,6.97424913053394e-06,0.310288995504379,0.310288995504379,-0.508233626531435,-0.508233626531435
lcl|NC_000913.3_cds_NP_414747.1_201,0.828386247158051,-0.0817494168877602,3.47524167675661e-05,5.14125543437712e-07,0.828420996665955,0.828420996665955,-0.0817489022694078,-0.0817489022694078
lcl|NC_000913.3_cds_NP_414755.1_211,0.30825811624527,-0.511078119277954,2.89101564039422e-06,3.27858339349787e-06,0.308261007070541,0.308261007070541,-0.511081407109678,-0.511081407109678
lcl|NC_000913.3_cds_NP_414772.1_228,2.24387192726135,0.350981086492538,1.90753938978724e-06,1.66019291457399e-05,2.24387001991272,2.24387001991272,0.350997696046867,0.350997696046867
lcl|NC_000913.3_cds_NP_414774.1_230,0.757373988628387,-0.120672658085823,1.80020667202245e-05,6.63904400648506e-06,0.75739198923111,0.75739198923111,-0.120679292628347,-0.120679292628347
lcl|NC_000913.3_cds_NP_414776.1_232,0.73431009054184,-0.134150609374046,4.10722092949144e-05,5.81214445086191e-06,0.734269022941589,0.734269022941589,-0.13414479325386,-0.13414479325386
lcl|NC_000913.3_cds_NP_414778.1_234,1.22204279899597,0.0870750620961189,2.27709685149468e-05,3.26376890502866e-06,1.22202003002167,1.22202003002167,0.0870783244471169,0.0870783244471169
lcl|NC_000913.3_cds_NP_414785.4_243,0.686591684818268,-0.163283631205559,2.33084647387135e-05,3.09975158054447e-06,0.686614990234375,0.686614990234375,-0.163286719254274,-0.163286719254274
lcl|NC_000913.3_cds_NP_414786.4_246,0.504643678665161,-0.296997606754303,1.53198159918718e-05,4.38129398851649e-06,0.504658997058868,0.504658997058868,-0.297001979741188,-0.297001979741188
lcl|NC_000913.3_cds_NP_414793.1_252,0.462891936302185,-0.334502577781677,7.06401585411549e-06,1.11770424377795e-05,0.462898999452591,0.462898999452591,-0.334513757935462,-0.334513757935462
lcl|NC_000913.3_cds_NP_414796.2_255,1.04295670986176,0.0182473473250866,4.67347168894741e-05,5.23469439592205e-07,1.04290997982025,1.04290997982025,0.0182468233310788,0.0182468233310788
lcl|NC_000913.3_cds_NP_414801.1_262,0.711422383785248,-0.14788693189621,1.5379167875463e-05,5.06671391079986e-06,0.711407005786896,0.711407005786896,-0.147881862288264,-0.147881862288264
lcl|NC_000913.3_cds_NP_414803.1_264,1.29789006710052,0.113260470330715,8.0000319722538e-05,4.21004078848713e-06,1.29797005653381,1.29797005653381,0.113264673641443,0.113264673641443
lcl|NC_000913.3_cds_NP_414805.1_266,1.5994907617569,0.203967273235321,8.07134680176267e-05,7.43646817185969e-06,1.59941005706787,1.59941005706787,0.203959822527404,0.203959822527404
lcl|NC_000913.3_cds_NP_414806.1_267,1.06626284122467,0.0278626345098019,2.86130912257269e-06,4.75018580486247e-07,1.06625998020172,1.06625998020172,0.0278631091943377,0.0278631091943377
lcl|NC_000913.3_cds_NP_414818.1_281,0.55486398935318,-0.255813002586365,5.0072909645022e-06,3.45741523855561e-06,0.554868996143341,0.554868996143341,-0.255809541143732,-0.255809541143732
lcl|NC_000913.3_cds_NP_414819.1_282,0.55534702539444,-0.255447298288345,1.40088951005126e-05,7.74937895136117e-07,0.555333018302917,0.555333018302917,-0.255446504016259,-0.255446504016259
lcl|NC_000913.3_cds_NP_414820.1_283,0.348135560750961,-0.458258450031281,2.15495978896976e-05,2.00291638580088e-05,0.348114013671875,0.348114013671875,-0.458278493412452,-0.458278493412452
lcl|NC_000913.3_cds_NP_414823.2_286,0.352877020835876,-0.452392429113388,1.00145819290044e-05,3.48712456526697e-06,0.352867007255554,0.352867007255554,-0.452388945881144,-0.452388945881144
lcl|NC_000913.3_cds_NP_414825.1_288,0.562983810901642,-0.249512359499931,1.68098398810116e-05,4.69445040327025e-06,0.562967002391815,0.562967002391815,-0.249517060031655,-0.249517060031655
lcl|NC_000913.3_cds_NP_414826.1_289,0.464003652334213,-0.333495527505875,1.16542323693568e-05,6.02047310450521e-06,0.46399199962616,0.46399199962616,-0.333489507695478,-0.333489507695478
lcl|NC_000913.3_cds_NP_414841.1_307,0.305788069963455,-0.514570951461792,5.93118687838922e-06,1.19221211861703e-07,0.30579400062561,0.30579400062561,-0.514571039266245,-0.514571039266245
lcl|NC_000913.3_cds_NP_414845.1_310,1.10044038295746,0.0415604636073112,2.03867477365529e-05,1.98574560852447e-06,1.10041999816895,1.10041999816895,0.0415584743162488,0.0415584743162488
lcl|NC_000913.3_cds_NP_414846.1_311,1.56790292263031,0.195357546210289,8.70321604331787e-05,1.42768376502837e-05,1.56798994541168,1.56798994541168,0.195343273484756,0.195343273484756
lcl|NC_000913.3_cds_NP_414848.1_313,0.855200588703156,-0.0679414644837379,2.25922195064152e-05,2.01929623934265e-06,0.855177998542786,0.855177998542786,-0.067943480898407,-0.067943480898407
lcl|NC_000913.3_cds_NP_414850.1_315,0.44003227353096,-0.356539309024811,1.02831667354194e-05,1.37100527316941e-05,0.440021991729736,0.440021991729736,-0.356525617495182,-0.356525617495182
lcl|NC_000913.3_cds_NP_414855.1_320,1.20316410064697,0.0803454890847206,5.591532423722e-05,4.47079550401982e-07,1.20322000980377,1.20322000980377,0.0803450457169007,0.0803450457169007
lcl|NC_000913.3_cds_NP_414857.1_321,0.710692465305328,-0.148319453001022,9.47792410710664e-06,4.61973943090305e-06,0.710682988166809,0.710682988166809,-0.148324080271245,-0.148324080271245
lcl|NC_000913.3_cds_NP_414859.1_323,0.654712617397308,-0.183961018919945,2.76006755699013e-05,6.57224832293857e-06,0.654685020446777,0.654685020446777,-0.183967595860851,-0.183967595860851
lcl|NC_000913.3_cds_NP_414878.1_341,0.901356041431427,-0.0451191663742065,2.70639763490504e-05,2.50000999132931e-06,0.901328980922699,0.901328980922699,-0.0451166646014901,-0.0451166646014901
lcl|NC_000913.3_cds_NP_414881.1_344,1.10804605484009,0.0445556566119194,6.08028177847828e-06,2.23539775200991e-07,1.10803997516632,1.10803997516632,0.0445554288770436,0.0445554288770436
lcl|NC_000913.3_cds_NP_414884.2_347,0.530179500579834,-0.275598496198654,2.05060485049814e-05,4.61973943090305e-06,0.530158996582031,0.530158996582031,-0.275593864393908,-0.275593864393908
lcl|NC_000913.3_cds_NP_414886.1_349,1.01678884029388,0.00724019017070532,2.12206046995764e-05,3.55329179755077e-07,1.01681005954742,1.01681005954742,0.0072398341473738,0.0072398341473738
lcl|NC_000913.3_cds_NP_414902.1_364,0.377565443515778,-0.42298349738121,1.05509274292859e-05,1.21307064490967e-05,0.377575993537903,0.377575993537903,-0.422995626146884,-0.422995626146884
lcl|NC_000913.3_cds_NP_414910.1_370,0.61735475063324,-0.209475517272949,2.37247475135569e-05,6.37813815713826e-06,0.617331027984619,0.617331027984619,-0.209481894191395,-0.209481894191395
lcl|NC_000913.3_cds_NP_414912.1_372,0.440940588712692,-0.355592906475067,1.64230520279534e-05,1.08487412601519e-05,0.440957009792328,0.440957009792328,-0.355603749126391,-0.355603749126391
lcl|NC_000913.3_cds_NP_414915.1_375,0.856390535831451,-0.0673515722155571,4.05337112863989e-05,2.87617668437869e-06,0.856350004673004,0.856350004673004,-0.0673486955677405,-0.0673486955677405
lcl|NC_000913.3_cds_NP_414917.2_377,0.619690656661987,-0.207820817828178,1.43660395089423e-05,5.82711618467838e-06,0.619705021381378,0.619705021381378,-0.207814984809836,-0.207814984809836
lcl|NC_000913.3_cds_NP_414919.1_379,0.276566714048386,-0.558193922042847,1.07299092904835e-05,2.30094134750296e-05,0.276555985212326,0.276555985212326,-0.558216938111255,-0.558216938111255
lcl|NC_000913.3_cds_NP_414927.1_387,1.36080312728882,0.133770376443863,8.30965334897491e-05,1.59453453928456e-06,1.360720038414,1.360720038414,0.133768780398831,0.133768780398831
lcl|NC_000913.3_cds_NP_414928.2_388,0.395232141017914,-0.403191953897476,2.6138619303339e-05,1.54689197657912e-05,0.39520600438118,0.39520600438118,-0.403176465780249,-0.403176465780249
lcl|NC_000913.3_cds_NP_414933.1_392,0.443116992712021,-0.353482484817505,1.20117530435224e-05,1.26671587835022e-05,0.443129003047943,0.443129003047943,-0.353469824214681,-0.353469824214681
lcl|NC_000913.3_cds_NP_414934.1_393,0.461940735578537,-0.335364401340485,2.72711575332336e-05,2.36956354158747e-05,0.461968004703522,0.461968004703522,-0.335388102067,-0.335388102067
lcl|NC_000913.3_cds_NP_414937.2_396,0.392211437225342,-0.406492680311203,5.42437063007596e-06,6.91483047711121e-06,0.392206013202667,0.392206013202667,-0.406485752124845,-0.406485752124845
lcl|NC_000913.3_cds_NP_414939.1_398,1.03140473365784,0.0134313553571701,5.24573340975505e-06,2.60796406656622e-08,1.03140997886658,1.03140997886658,0.0134313288796213,0.0134313288796213
lcl|NC_000913.3_cds_NP_414942.1_401,2.0941264629364,0.321035236120224,6.34242330465374e-05,1.91942928272777e-05,2.09418988227844,2.09418988227844,0.321016057040551,0.321016057040551
lcl|NC_000913.3_cds_NP_414944.1_403,1.0185079574585,0.00793962832540274,5.79424731232058e-05,9.3141574768698e-08,1.01845002174377,1.01845002174377,0.00793972178639861,0.00793972178639861
lcl|NC_000913.3_cds_NP_414948.1_407,0.392359375953674,-0.406279236078262,1.36208723023737e-05,2.16686991758228e-05,0.392372995615005,0.392372995615005,-0.406300889821538,-0.406300889821538
lcl|NC_000913.3_cds_NP_414959.1_418,0.451902866363525,-0.344970107078552,8.88181084846064e-06,6.67638801040952e-06,0.451893985271454,0.451893985271454,-0.344963439108722,-0.344963439108722
lcl|NC_000913.3_cds_NP_414968.4_427,2.24742603302002,0.351692944765091,0.000123987045643576,1.64230520279534e-05,2.24755001068115,2.24755001068115,0.351709364085452,0.351709364085452
lcl|NC_000913.3_cds_NP_414970.1_429,4.84113788604736,0.684886336326599,0.000278019334140529,3.61848996707812e-05,4.84085988998413,4.84085988998413,0.684922512947164,0.684922512947164
lcl|NC_000913.3_cds_NP_414973.1_432,1.83102738857269,0.262685686349869,8.73916402946169e-05,1.15640625615769e-05,1.83094000816345,1.83094000816345,0.262674114618241,0.262674114618241
lcl|NC_000913.3_cds_NP_414974.1_433,2.78710508346558,0.445157915353775,4.50663024122182e-05,1.15941214744587e-05,2.78706002235413,2.78706002235413,0.445146321815741,0.445146321815741
lcl|NC_000913.3_cds_NP_414975.1_434,2.09436297416687,0.321044445037842,5.29326560120331e-05,3.45741523855561e-06,2.09431004524231,2.09431004524231,0.321040975800515,0.321040975800515
lcl|NC_000913.3_cds_NP_414976.1_435,0.626300513744354,-0.203186228871346,4.14874567088048e-05,2.23531765635635e-06,0.626341998577118,0.626341998577118,-0.203188466250545,-0.203188466250545
lcl|NC_000913.3_cds_NP_414979.1_438,0.25574666261673,-0.592201828956604,9.32935829933214e-06,2.76593219084449e-05,0.255755990743637,0.255755990743637,-0.592174184726525,-0.592174184726525
lcl|NC_000913.3_cds_NP_414986.1_445,0.881518661975861,-0.054782573133707,3.56480657072648e-05,3.47596784789868e-06,0.881483018398285,0.881483018398285,-0.0547860498841798,-0.0547860498841798
lcl|NC_000913.3_cds_NP_414987.3_446,1.00748240947723,0.00323658180423081,2.3844242486016e-06,1.37387898530203e-07,1.00748002529144,1.00748002529144,0.00323644439954952,0.00323644439954952
lcl|NC_000913.3_cds_NP_414995.1_454,1.87605679035187,0.273270219564438,5.31721644991239e-05,1.19221215703933e-05,1.87610995769501,1.87610995769501,0.273258288531713,0.273258288531713
lcl|NC_000913.3_cds_NP_414996.1_455,1.42860376834869,0.154903382062912,4.37550822125256e-05,4.88806975599069e-06,1.42856001853943,1.42856001853943,0.154898491252136,0.154898491252136
lcl|NC_000913.3_cds_NP_415003.1_462,0.781265020370483,-0.107179455459118,3.20115632482829e-05,4.37396874156416e-06,0.781297028064728,0.781297028064728,-0.107183827677553,-0.107183827677553
lcl|NC_000913.3_cds_NP_415004.1_463,3.07324123382568,0.487569689750671,2.12206046995764e-05,2.39631915403653e-05,3.07322001457214,3.07322001457214,0.487593652900128,0.487593652900128
lcl|NC_000913.3_cds_NP_415006.1_465,3.11131286621094,0.492921441793442,8.29749134176096e-05,1.06703655909432e-05,3.11122989654541,3.11122989654541,0.492932103398055,0.492932103398055
lcl|NC_000913.3_cds_NP_415007.1_466,3.29204249382019,0.517486333847046,7.74956230736923e-05,1.06703655909432e-05,3.2921199798584,3.2921199798584,0.517475654499202,0.517475654499202
lcl|NC_000913.3_cds_NP_415013.1_472,0.808609187602997,-0.0922324657440186,4.38142565196536e-05,5.33518279547158e-06,0.808652997016907,0.808652997016907,-0.0922377995373819,-0.0922377995373819
lcl|NC_000913.3_cds_NP_415017.1_476,1.10497808456421,0.0433490984141827,1.8121624783322e-05,2.55585840726237e-06,1.1049599647522,1.1049599647522,0.0433465428155316,0.0433465428155316
lcl|NC_000913.3_cds_NP_415028.1_487,0.520995676517487,-0.283169865608215,5.66281070707812e-06,7.45132598149584e-07,0.520990014076233,0.520990014076233,-0.283170600833203,-0.283170600833203
lcl|NC_000913.3_cds_NP_415029.1_488,0.531980931758881,-0.274124890565872,1.29353746992315e-05,1.04018940980884e-05,0.531967997550964,0.531967997550964,-0.274114493466365,-0.274114493466365
lcl|NC_000913.3_cds_NP_415030.1_489,0.289805561304092,-0.537847340106964,1.74364686709446e-05,1.98501393552888e-05,0.289822995662689,0.289822995662689,-0.537867158915899,-0.537867158915899
lcl|NC_000913.3_cds_NP_415049.1_507,0.49252837896347,-0.307577043771744,8.61368362205034e-06,1.58859648681957e-05,0.492536991834641,0.492536991834641,-0.307561146392048,-0.307561146392048
lcl|NC_000913.3_cds_NP_415050.1_508,0.327430158853531,-0.484863191843033,1.58560582616344e-05,2.89101564039422e-06,0.327446013689041,0.327446013689041,-0.484860292281723,-0.484860292281723
lcl|NC_000913.3_cds_NP_415054.1_512,0.347047626972198,-0.459608435630798,7.36196893439165e-06,6.73580415432198e-06,0.347054988145828,0.347054988145828,-0.459601709196674,-0.459601709196674
lcl|NC_000913.3_cds_NP_415055.1_513,1.15231108665466,0.0615563467144966,3.11176261478715e-05,1.66536726814721e-06,1.15227997303009,1.15227997303009,0.0615580137826916,0.0615580137826916
lcl|NC_000913.3_cds_NP_415058.1_516,3.35548400878906,0.525785207748413,0.000106105346137242,1.63329489383945e-05,3.35559010505676,3.35559010505676,0.525768905081546,0.525768905081546
lcl|NC_000913.3_cds_NP_415059.1_517,1.81641149520874,0.259229719638824,2.84936367482156e-05,8.67327388314036e-06,1.81643998622894,1.81643998622894,0.259221053682265,0.259221053682265
lcl|NC_000913.3_cds_NP_415084.1_546,0.46921318769455,-0.328643590211868,2.42024550475628e-05,8.61368362205034e-06,0.469188988208771,0.469188988208771,-0.328652189259592,-0.328652189259592
lcl|NC_000913.3_cds_NP_415100.1_564,0.541973769664764,-0.266035288572311,2.07437283544024e-05,3.06984744666578e-06,0.541953027248383,0.541953027248383,-0.266038353481664,-0.266038353481664
lcl|NC_000913.3_cds_NP_415104.1_568,0.29458948969841,-0.530763149261475,5.51390849692826e-06,1.14452364902907e-05,0.294595003128052,0.294595003128052,-0.530774623862425,-0.530774623862425
lcl|NC_000913.3_cds_NP_415106.1_570,0.790464103221893,-0.102144218981266,5.71073506011347e-05,5.0072909645022e-06,0.790407001972198,0.790407001972198,-0.102149221122327,-0.102149221122327
lcl|NC_000913.3_cds_NP_415107.1_571,0.656509637832642,-0.182739272713661,2.93887261522344e-05,1.93734473784029e-07,0.656539022922516,0.656539022922516,-0.182739455505574,-0.182739455505574
lcl|NC_000913.3_cds_NP_415110.1_574,1.69690608978271,0.229681953787804,7.39158308944488e-05,5.23081036293115e-06,1.69697999954224,1.69697999954224,0.229676723791082,0.229676723791082
lcl|NC_000913.3_cds_NP_415116.1_581,1.40087938308716,0.146406322717667,1.06103023497882e-05,2.28006397662706e-06,1.40088999271393,1.40088999271393,0.146404032906696,0.146404032906696
lcl|NC_000913.3_cds_NP_415118.1_584,0.605646848678589,-0.217784374952316,1.48431848716589e-05,6.81043615118684e-06,0.60563200712204,0.60563200712204,-0.217791180817822,-0.217791180817822
lcl|NC_000913.3_cds_NP_415124.1_590,0.417629212141037,-0.379176765680313,1.77932905812649e-05,1.3859936923184e-05,0.417647004127502,0.417647004127502,-0.379190629535414,-0.379190629535414
lcl|NC_000913.3_cds_NP_415125.1_591,0.728514611721039,-0.137572154402733,1.16242889017238e-05,3.48712456526697e-06,0.728502988815308,0.728502988815308,-0.137568662118654,-0.137568662118654
lcl|NC_000913.3_cds_NP_415126.1_592,0.836973607540131,-0.0772610306739807,5.63930404590713e-05,2.04910872468458e-06,0.837029993534088,0.837029993534088,-0.0772589795300831,-0.0772589795300831
lcl|NC_000913.3_cds_NP_415128.1_594,0.673513531684875,-0.171677961945534,3.05206302365959e-05,4.60503482150097e-06,0.67348301410675,0.67348301410675,-0.17167335312991,-0.17167335312991
lcl|NC_000913.3_cds_NP_415129.1_595,0.458738803863525,-0.338464468717575,9.80625445686725e-06,2.06552159803011e-05,0.45872899889946,0.45872899889946,-0.338443804747161,-0.338443804747161
lcl|NC_000913.3_cds_NP_415139.2_605,2.38281655311584,0.377081900835037,3.33819403638432e-05,1.47834304927016e-05,2.38284993171692,2.38284993171692,0.377096691998373,0.377096691998373
lcl|NC_000913.3_cds_NP_415143.1_608,1.10463917255402,0.0432315953075886,3.08784456755761e-05,9.83575024663205e-07,1.10467004776001,1.10467004776001,0.0432325786224979,0.0432325786224979
lcl|NC_000913.3_cds_NP_415153.1_618,0.26350462436676,-0.579187870025635,6.61658200150414e-06,3.48113849655252e-05,0.26349800825119,0.26349800825119,-0.579222663217228,-0.579222663217228
lcl|NC_000913.3_cds_NP_415161.1_625,1.50449466705322,0.177411794662476,3.52894797464324e-05,1.09535641299134e-05,1.50452995300293,1.50452995300293,0.177400838333593,0.177400838333593
lcl|NC_000913.3_cds_NP_415164.1_628,1.65677201747894,0.219283759593964,5.79424731232058e-05,5.81214445086191e-06,1.65682995319366,1.65682995319366,0.219277937399843,0.219277937399843
lcl|NC_000913.3_cds_NP_415166.1_630,0.595033764839172,-0.225463032722473,1.25182274112555e-06,5.55879849423562e-06,0.595035016536713,0.595035016536713,-0.225457476219019,-0.225457476219019
lcl|NC_000913.3_cds_NP_415168.1_632,1.29097867012024,0.110899478197098,6.86714189417445e-05,3.50953191112312e-06,1.29091000556946,1.29091000556946,0.110895966939613,0.110895966939613
lcl|NC_000913.3_cds_NP_415174.1_638,1.05659329891205,0.0238784402608871,7.33222807407949e-05,7.22753910098554e-07,1.05651998519897,1.05651998519897,0.0238777166079661,0.0238777166079661
lcl|NC_000913.3_cds_NP_415183.1_647,0.299716502428055,-0.523269593715668,1.15047067375148e-05,3.09975158054447e-06,0.299728006124496,0.299728006124496,-0.523272675349087,-0.523272675349087
lcl|NC_000913.3_cds_NP_415184.1_648,1.05420875549316,0.0229399837553501,3.12352278383197e-05,4.97390072071227e-07,1.05423998832703,1.05423998832703,0.0229394853947762,0.0229394853947762
lcl|NC_000913.3_cds_NP_415188.1_652,1.96965003013611,0.294391274452209,6.00863231376464e-05,1.5439222837788e-05,1.96958994865417,1.96958994865417,0.294375819271661,0.294375819271661
lcl|NC_000913.3_cds_NP_415189.1_653,0.465086609125137,-0.332484245300293,6.61658200150414e-06,1.18926688168744e-05,0.465079993009567,0.465079993009567,-0.332472342734094,-0.332472342734094
lcl|NC_000913.3_cds_NP_415192.1_656,0.786428570747375,-0.104315161705017,3.7434804392888e-05,4.88806975599069e-06,0.786466002464294,0.786466002464294,-0.104320046418039,-0.104320046418039
lcl|NC_000913.3_cds_NP_415194.1_658,1.69335234165192,0.228746950626373,4.23228838863595e-05,1.04767314061747e-05,1.69331002235413,1.69331002235413,0.228736478883555,0.228736478883555
lcl|NC_000913.3_cds_NP_415195.1_659,0.507647216320038,-0.294433653354645,3.7553951961029e-06,1.13260154895762e-06,0.507650971412659,0.507650971412659,-0.294434778437288,-0.294434778437288
lcl|NC_000913.3_cds_NP_415206.1_666,2.46583962440491,0.391969412565231,8.03553735412034e-05,9.56745790695642e-06,2.46591997146606,2.46591997146606,0.39197897797153,0.39197897797153
lcl|NC_000913.3_cds_NP_415209.1_669,1.65370762348175,0.218440964818001,5.75837053656111e-05,2.65257558744704e-06,1.6536500453949,1.6536500453949,0.218443607130337,0.218443607130337
lcl|NC_000913.3_cds_NP_415213.1_674,0.738783001899719,-0.131469637155533,2.49764665523457e-05,1.20706991291311e-06,0.73880797624588,0.73880797624588,-0.131468424519191,-0.131468424519191
lcl|NC_000913.3_cds_NP_415214.1_675,2.38281774520874,0.37708306312561,5.22203024804585e-05,1.7286730264683e-05,2.38286995887756,2.38286995887756,0.377100342101844,0.377100342101844
lcl|NC_000913.3_cds_NP_415220.1_680,1.0215311050415,0.00927707646042109,5.88957514751332e-05,4.45213074190868e-07,1.02158999443054,1.02158999443054,0.00927663074627181,0.00927663074627181
lcl|NC_000913.3_cds_NP_415223.1_683,0.34896332025528,-0.457268834114075,2.33084647387135e-05,1.96125089137345e-05,0.348940014839172,0.348940014839172,-0.457249224798432,-0.457249224798432
lcl|NC_000913.3_cds_NP_415229.1_689,0.535418212413788,-0.271284103393555,1.77636216969213e-05,8.34548509096079e-06,0.535435974597931,0.535435974597931,-0.271292453013666,-0.271292453013666
lcl|NC_000913.3_cds_NP_415240.1_701,0.630310356616974,-0.200451210141182,1.5379167875463e-05,4.94749618122703e-06,0.630294978618622,0.630294978618622,-0.200456152761599,-0.200456152761599
lcl|NC_000913.3_cds_NP_415242.1_703,0.343383729457855,-0.464217662811279,1.7287076192778e-06,4.82827965165244e-06,0.343382000923157,0.343382000923157,-0.464222473020817,-0.464222473020817
lcl|NC_000913.3_cds_NP_415246.2_707,0.556657552719116,-0.254395127296448,1.64520173900068e-05,3.93430009865282e-06,0.556674003601074,0.556674003601074,-0.25439905955568,-0.25439905955568
lcl|NC_000913.3_cds_NP_415251.1_712,2.2321515083313,0.348727971315384,1.43065456128634e-06,4.58984886575633e-06,2.23215007781982,2.23215007781982,0.348723390882856,0.348723390882856
lcl|NC_000913.3_cds_NP_415255.1_715,2.82491207122803,0.450953722000122,0.00020219917958135,2.01480740721032e-05,2.82470989227295,2.82470989227295,0.450973850861752,0.450973850861752
lcl|NC_000913.3_cds_NP_415257.1_717,3.40234065055847,0.531756222248077,3.07583357509261e-05,1.76447398732162e-05,3.40230989456177,3.40230989456177,0.531773868173874,0.531773868173874
lcl|NC_000913.3_cds_NP_415260.1_720,0.420654207468033,-0.37609189748764,2.20559248415203e-06,1.48431848716589e-05,0.420652002096176,0.420652002096176,-0.376077039715796,-0.376077039715796
lcl|NC_000913.3_cds_NP_415268.1_729,1.85837650299072,0.269121468067169,6.65271515938662e-05,3.30829100075207e-06,1.85830998420715,1.85830998420715,0.269118160250565,0.269118160250565
lcl|NC_000913.3_cds_NP_415269.1_730,4.06050968170166,0.608579754829407,9.96678822994331e-05,9.83561159741159e-06,4.0604100227356,4.0604100227356,0.60856989111916,0.60856989111916
lcl|NC_000913.3_cds_NP_415277.1_738,1.12841808795929,0.0524718016386032,1.90753938978724e-06,1.02825108687542e-06,1.12841999530792,1.12841999530792,0.0524707731364272,0.0524707731364272
lcl|NC_000913.3_cds_NP_415281.1_742,0.465244680643082,-0.332310676574707,3.69585762317541e-06,1.13556430004369e-05,0.465240985155106,0.465240985155106,-0.332322033318793,-0.332322033318793
lcl|NC_000913.3_cds_NP_415284.1_745,1.26370906829834,0.101661637425423,6.09219264504745e-05,6.40056424620317e-06,1.2637699842453,1.2637699842453,0.101668036238097,0.101668036238097
lcl|NC_000913.3_cds_NP_415287.1_748,0.852553009986877,-0.0692556202411652,3.89866123033149e-05,3.12945824158153e-06,0.852591991424561,0.852591991424561,-0.0692587510889058,-0.0692587510889058
lcl|NC_000913.3_cds_NP_415288.1_749,1.08286654949188,0.0345721617341042,6.55716678699573e-06,1.490265155376e-07,1.08285999298096,1.08285999298096,0.034572308696941,0.034572308696941
lcl|NC_000913.3_cds_NP_415292.2_753,1.23873674869537,0.092956967651844,5.67477676254269e-05,2.16084128308538e-06,1.23868000507355,1.23868000507355,0.092959127215491,0.092959127215491
lcl|NC_000913.3_cds_NP_415293.1_754,1.50829911231995,0.178471177816391,1.90753939888128e-05,1.08041010273372e-05,1.50828003883362,1.50828003883362,0.178481983462848,0.178481983462848
lcl|NC_000913.3_cds_NP_415296.1_757,0.734808802604675,-0.133845716714859,2.77783494646791e-05,3.65125535022606e-06,0.73478102684021,0.73478102684021,-0.133842066363214,-0.133842066363214
lcl|NC_000913.3_cds_NP_415297.1_758,0.57976496219635,-0.236763641238213,1.19815957701826e-05,6.6315841335776e-06,0.57975298166275,0.57975298166275,-0.236757009112831,-0.236757009112831
lcl|NC_000913.3_cds_NP_415301.1_762,0.401121079921722,-0.396730095148087,1.3084405372678e-05,8.58392736771806e-06,0.401107996702194,0.401107996702194,-0.396738679606443,-0.396738679606443
lcl|NC_000913.3_cds_NP_415306.1_767,1.10644257068634,0.0439183562994003,2.25331512061091e-05,1.67653287276606e-06,1.10642004013062,1.10642004013062,0.0439200333696223,0.0439200333696223
lcl|NC_000913.3_cds_NP_415314.1_775,0.893502056598663,-0.048922922462225,4.303932080981e-05,2.44037455957757e-06,0.893459022045135,0.893459022045135,-0.0489253613539541,-0.0489253613539541
lcl|NC_000913.3_cds_NP_415315.4_776,0.642013192176819,-0.192488849163055,3.02218454637231e-05,1.23546572341312e-05,0.641982972621918,0.641982972621918,-0.192476490614027,-0.192476490614027
lcl|NC_000913.3_cds_NP_415316.1_777,0.785885453224182,-0.104646950960159,1.74663690948056e-05,3.45008444623766e-06,0.785867989063263,0.785867989063263,-0.104650401080719,-0.104650401080719
lcl|NC_000913.3_cds_NP_415318.1_779,1.77671051025391,0.249596193432808,6.05628893665417e-05,5.6927421287367e-06,1.77664995193481,1.77664995193481,0.249601868481418,0.249601868481418
lcl|NC_000913.3_cds_NP_415320.1_781,0.458652973175049,-0.338502824306488,5.0370185180258e-06,8.19643489873831e-06,0.458658009767532,0.458658009767532,-0.338511017794744,-0.338511017794744
lcl|NC_000913.3_cds_NP_415321.1_782,0.792429983615875,-0.101051062345505,3.20115632482829e-05,5.58098345677514e-06,0.792397975921631,0.792397975921631,-0.101056642481281,-0.101056642481281
lcl|NC_000913.3_cds_NP_415322.1_783,0.602701485157013,-0.219914719462395,2.5512552628553e-05,1.41570267676953e-06,0.602675974369049,0.602675974369049,-0.219916121302825,-0.219916121302825
lcl|NC_000913.3_cds_NP_415325.4_786,0.529957056045532,-0.275757521390915,4.05352135207902e-06,5.12651212624536e-06,0.529953002929688,0.529953002929688,-0.275762642612978,-0.275762642612978
lcl|NC_000913.3_cds_NP_415326.1_787,0.863104104995728,-0.063922293484211,3.1891230062286e-05,1.52007044461957e-06,0.863135993480682,0.863135993480682,-0.0639207725753765,-0.0639207725753765
lcl|NC_000913.3_cds_NP_415327.2_788,0.62157791852951,-0.206528082489967,1.69288504385762e-05,1.18329048155627e-05,0.621560990810394,0.621560990810394,-0.206516249688806,-0.206516249688806
lcl|NC_000913.3_cds_NP_415328.4_789,0.598368048667908,-0.223064690828323,3.40368682508092e-05,8.37551103347528e-06,0.598334014415741,0.598334014415741,-0.223056307448506,-0.223056307448506
lcl|NC_000913.3_cds_NP_415329.4_790,0.690113365650177,-0.161114320158958,4.23829628596036e-05,8.09236512204749e-06,0.690070986747742,0.690070986747742,-0.161106231629267,-0.161106231629267
lcl|NC_000913.3_cds_NP_415340.1_801,1.86708557605743,0.271127492189407,0.000105627692290466,1.21605635569566e-05,1.86697995662689,1.86697995662689,0.271139655510372,0.271139655510372
lcl|NC_000913.3_cds_NP_415341.1_802,1.85544729232788,0.268432766199112,5.73458541681662e-05,2.41413982582622e-06,1.85538995265961,1.85538995265961,0.268435200468684,0.268435200468684
lcl|NC_000913.3_cds_NP_415344.1_805,1.73936700820923,0.240408256649971,9.29943112137906e-05,6.19950316108894e-06,1.73945999145508,1.73945999145508,0.240414444184436,0.240414444184436
lcl|NC_000913.3_cds_NP_415348.1_809,1.04754292964935,0.0201795995235443,1.70482854450445e-05,7.02309660366686e-07,1.04755997657776,1.04755997657776,0.020178897271835,0.020178897271835
lcl|NC_000913.3_cds_NP_415356.1_817,1.78719472885132,0.252194344997406,5.53186438168897e-05,9.03095966051597e-06,1.78725004196167,1.78725004196167,0.252185315934671,0.252185315934671
lcl|NC_000913.3_cds_NP_415358.1_819,0.461647897958755,-0.335700452327728,2.28904729805815e-05,1.02234336290495e-05,0.461625009775162,0.461625009775162,-0.335710670144542,-0.335710670144542
lcl|NC_000913.3_cds_NP_415381.1_842,1.05648684501648,0.0238515250384808,2.6824525964257e-05,1.54240789336652e-06,1.05646002292633,1.05646002292633,0.0238530677385603,0.0238530677385603
lcl|NC_000913.3_cds_NP_415384.1_845,2.27767443656921,0.357516050338745,6.55714791899065e-05,1.18926688168744e-05,2.27774000167847,2.27774000167847,0.357504148943858,0.357504148943858
lcl|NC_000913.3_cds_NP_415386.1_847,0.640458822250366,-0.193481430411339,4.11901505745627e-05,5.66300774478812e-07,0.640500009059906,0.640500009059906,-0.193480859776177,-0.193480859776177
lcl|NC_000913.3_cds_NP_415399.4_860,0.483252495527267,-0.31580576300621,1.49026519629917e-06,1.88075943268368e-05,0.483253985643387,0.483253985643387,-0.315824555435381,-0.315824555435381
lcl|NC_000913.3_cds_NP_415400.1_861,0.365932732820511,-0.436632484197617,2.47383320724843e-05,4.38129398851649e-06,0.365907996892929,0.365907996892929,-0.436628098935038,-0.436628098935038
lcl|NC_000913.3_cds_NP_415408.1_869,1.63027143478394,0.212232634425163,8.14256470393553e-05,5.60339698440725e-06,1.63019001483917,1.63019001483917,0.21223822869018,0.21223822869018
lcl|NC_000913.3_cds_NP_415411.2_872,1.15266728401184,0.0616885237395763,3.73174331973285e-05,1.38223472262038e-06,1.15262997150421,1.15262997150421,0.0616899082261288,0.0616899082261288
lcl|NC_000913.3_cds_NP_415413.1_874,2.25619578361511,0.353393107652664,6.41409886177966e-05,3.96401456540859e-06,2.25625991821289,2.25625991821289,0.353389128353627,0.353389128353627
lcl|NC_000913.3_cds_NP_415414.4_875,1.36144697666168,0.134015709161758,5.30526730686208e-05,1.93729758818087e-06,1.36150002479553,1.36150002479553,0.134017653585321,0.134017653585321
lcl|NC_000913.3_cds_NP_415415.1_876,1.11177158355713,0.0459891743957996,7.15301650034032e-05,1.54240789336652e-06,1.1117000579834,1.1117000579834,0.0459876283126445,0.0459876283126445
lcl|NC_000913.3_cds_NP_415425.4_886,1.41702544689178,0.151387810707092,6.46174796589648e-05,9.6418058932743e-06,1.41709005832672,1.41709005832672,0.151397451229471,0.151397451229471
lcl|NC_000913.3_cds_NP_415438.1_899,1.24605405330658,0.0955137833952904,7.40378855751979e-05,2.69740248490814e-06,1.24598002433777,1.24598002433777,0.0955110797313203,0.0955110797313203
lcl|NC_000913.3_cds_NP_415439.1_900,0.250328600406647,-0.601495981216431,4.41118496830405e-06,1.40680304403457e-05,0.25033301115036,0.25033301115036,-0.601481876659745,-0.601481876659745
lcl|NC_000913.3_cds_NP_415440.1_901,0.443854331970215,-0.352754801511765,1.86587165986643e-05,1.35014969122263e-05,0.44387298822403,0.44387298822403,-0.352741283048949,-0.352741283048949
lcl|NC_000913.3_cds_NP_415445.1_906,0.50390613079071,-0.297641545534134,3.1593621809586e-06,1.15344721596067e-05,0.503902971744537,0.503902971744537,-0.297653080405,-0.297653080405
lcl|NC_000913.3_cds_NP_415448.1_909,1.87692773342133,0.273435354232788,7.77309529191199e-05,5.78203128078843e-06,1.87685000896454,1.87685000896454,0.273429566770598,0.273429566770598
lcl|NC_000913.3_cds_NP_415452.1_913,1.50742995738983,0.178240120410919,5.00713318653044e-05,1.14452364902907e-05,1.50748002529144,1.50748002529144,0.178251566276085,0.178251566276085
lcl|NC_000913.3_cds_NP_415453.1_914,0.291383892297745,-0.535551190376282,7.09347095317836e-06,2.73024307259821e-05,0.291390985250473,0.291390985250473,-0.535523888106642,-0.535523888106642
lcl|NC_000913.3_cds_NP_415468.1_929,1.44387412071228,0.15954564511776,4.59000175823001e-05,2.5036454822511e-06,1.44392001628876,1.44392001628876,0.159543136830224,0.159543136830224
lcl|NC_000913.3_cds_NP_415469.1_930,1.16637468338013,0.0668341889977455,4.6496273708167e-06,2.16831847078509e-06,1.16637003421783,1.16637003421783,0.066836353445596,0.066836353445596
lcl|NC_000913.3_cds_NP_415471.1_932,0.611978888511658,-0.213301002979279,3.79116964284266e-05,1.05362834065268e-05,0.611940979957581,0.611940979957581,-0.213290462355708,-0.213290462355708
lcl|NC_000913.3_cds_NP_415477.1_938,5.90378713607788,0.771060705184937,0.00025704216782731,5.10867703755602e-05,5.90353012084961,5.90353012084961,0.771111783428288,0.771111783428288
lcl|NC_000913.3_cds_NP_415483.2_944,0.694892704486847,-0.158065214753151,3.52894797464324e-05,5.0072909645022e-06,0.694927990436554,0.694927990436554,-0.158060195375772,-0.158060195375772
lcl|NC_000913.3_cds_NP_415486.4_947,1.01464533805847,0.00630367221310735,2.53947736093285e-05,2.76163325763843e-07,1.0146199464798,1.0146199464798,0.00630339588889481,0.00630339588889481
lcl|NC_000913.3_cds_NP_415488.1_949,0.387965261936188,-0.411162853240967,1.57372003946113e-05,2.67055520416381e-05,0.387980997562408,0.387980997562408,-0.411189544652916,-0.411189544652916
lcl|NC_000913.3_cds_NP_415496.1_957,0.308225125074387,-0.511151373386383,1.01334278215997e-05,5.12651212624536e-06,0.308214992284775,0.308214992284775,-0.511146240023214,-0.511146240023214
lcl|NC_000913.3_cds_NP_415497.1_958,0.650629937648773,-0.186690792441368,2.49169705748583e-05,8.19643489873831e-06,0.650605022907257,0.650605022907257,-0.186682588129966,-0.186682588129966
lcl|NC_000913.3_cds_NP_415500.1_961,0.256179094314575,-0.591484308242798,6.08028177847828e-06,1.76447398732162e-05,0.256173014640808,0.256173014640808,-0.591466620921702,-0.591466620921702
lcl|NC_000913.3_cds_NP_415501.1_962,0.904950976371765,-0.0433957688510418,4.09525010456121e-05,1.16983763727775e-06,0.904910027980804,0.904910027980804,-0.0433945990201122,-0.0433945990201122
lcl|NC_000913.3_cds_NP_415502.4_963,0.499348878860474,-0.301596850156784,8.13679600612163e-06,8.01762357722457e-06,0.499357014894485,0.499357014894485,-0.301588844839284,-0.301588844839284
lcl|NC_000913.3_cds_NP_415504.1_965,0.895327270030975,-0.0480153933167458,1.17435243297951e-05,2.90221782531946e-06,0.895339012145996,0.895339012145996,-0.0480124918048566,-0.0480124918048566
lcl|NC_000913.3_cds_NP_415507.2_968,1.20312428474426,0.080301322042942,1.43065456128634e-05,4.00881178861229e-06,1.20310997962952,1.20310997962952,0.080305329221021,0.080305329221021
lcl|NC_000913.3_cds_NP_415510.1_972,1.0119069814682,0.00515031395480037,2.30094134750296e-05,1.53222725888551e-07,1.01192998886108,1.01192998886108,0.0051504665521096,0.0051504665521096
lcl|NC_000913.3_cds_NP_415513.2_976,0.476172715425491,-0.32225638628006,4.70906349226577e-06,1.66019291457399e-05,0.476168006658554,0.476168006658554,-0.322239787844239,-0.322239787844239
lcl|NC_000913.3_cds_NP_415514.1_977,0.308626055717468,-0.510522484779358,6.94458736616977e-06,3.5171302023732e-05,0.308632999658585,0.308632999658585,-0.510557640154204,-0.510557640154204
lcl|NC_000913.3_cds_NP_415516.1_979,1.0114187002182,0.00494004227221012,2.13407311818863e-05,9.96584087052853e-08,1.01144003868103,1.01144003868103,0.00494014153902031,0.00494014153902031
lcl|NC_000913.3_cds_NP_415517.1_980,1.09650850296021,0.0400048829615116,1.84789577236122e-05,1.93734473784029e-07,1.09649002552032,1.09649002552032,0.0400046853695055,0.0400046853695055
lcl|NC_000913.3_cds_NP_415520.1_983,1.01026606559753,0.00445488933473825,4.39935630651966e-05,2.14696319888765e-07,1.01031005382538,1.01031005382538,0.00445467477399985,0.00445467477399985
lcl|NC_000913.3_cds_NP_415524.1_987,1.32763433456421,0.123070701956749,2.43211271139131e-05,1.71380494869917e-07,1.32761001586914,1.32761001586914,0.123070520190537,0.123070520190537
lcl|NC_000913.3_cds_NP_415534.1_997,1.11408042907715,0.0468942299485207,5.04320130938463e-05,2.66012653104751e-06,1.11403000354767,1.11403000354767,0.0468968876058595,0.0468968876058595
lcl|NC_000913.3_cds_NP_415537.1_1000,1.15723478794098,0.0634337365627289,2.51563124907959e-05,2.81664390076363e-06,1.15725994110107,1.15725994110107,0.0634309201498554,0.0634309201498554
lcl|NC_000913.3_cds_NP_415560.1_1021,2.69260692596436,0.430176109075546,4.31584397585303e-05,3.81507877957449e-06,2.69265007972717,2.69265007972717,0.430179918833861,0.430179918833861
lcl|NC_000913.3_cds_NP_415566.1_1027,1.14258694648743,0.0579026117920876,3.30251891043384e-05,7.97267269642282e-07,1.14261996746063,1.14261996746063,0.0579018091540765,0.0579018091540765
lcl|NC_000913.3_cds_NP_415574.1_1034,1.16828846931458,0.0675346851348877,4.85228257963867e-05,2.63030788629048e-06,1.16823995113373,1.16823995113373,0.06753205403537,0.06753205403537
lcl|NC_000913.3_cds_NP_415577.1_1037,0.552662253379822,-0.257556945085526,5.24573340975505e-06,1.26374487238344e-05,0.552657008171082,0.552657008171082,-0.257544318375111,-0.257544318375111
lcl|NC_000913.3_cds_NP_415581.1_1041,0.587974667549133,-0.230604216456413,3.03414189842563e-05,1.47683546311208e-05,0.588005006313324,0.588005006313324,-0.230618976296318,-0.230618976296318
lcl|NC_000913.3_cds_NP_415585.1_1045,0.573713064193726,-0.241330370306969,2.2055633987713e-05,8.4049199405058e-06,0.573691010475159,0.573691010475159,-0.241321955297307,-0.241321955297307
lcl|NC_000913.3_cds_NP_415586.1_1046,0.436760753393173,-0.359767407178879,1.87476891489528e-05,7.63015755914897e-06,0.436742007732391,0.436742007732391,-0.359775033750823,-0.359775033750823
lcl|NC_000913.3_cds_NP_415591.1_1051,0.531173527240753,-0.274779677391052,1.35319881745252e-05,5.0370185180258e-06,0.531159996986389,0.531159996986389,-0.274774640233149,-0.274774640233149
lcl|NC_000913.3_cds_NP_415593.1_1053,0.856977999210358,-0.067016638815403,2.5989439642501e-05,5.21592818185049e-07,0.85700398683548,0.85700398683548,-0.0670171577073483,-0.0670171577073483
lcl|NC_000913.3_cds_NP_415594.1_1054,1.11199569702148,0.0461263246834278,5.43648725630674e-05,1.98574560852447e-06,1.11205005645752,1.11205005645752,0.046124336485252,0.046124336485252
lcl|NC_000913.3_cds_NP_415595.1_1055,0.431640774011612,-0.364868670701981,3.21897283025751e-06,5.63328780152727e-06,0.43164399266243,0.43164399266243,-0.364874298936103,-0.364874298936103
lcl|NC_000913.3_cds_NP_415596.1_1056,0.92940354347229,-0.0317980945110321,2.56325606312268e-06,1.21833163447859e-06,0.929400980472565,0.929400980472565,-0.0317968736974776,-0.0317968736974776
lcl|NC_000913.3_cds_NP_415597.1_1057,0.831042468547821,-0.0803910791873932,3.24886956001133e-05,2.68247732262087e-06,0.831009984016418,0.831009984016418,-0.0803937584334695,-0.0803937584334695
lcl|NC_000913.3_cds_NP_415598.3_1058,0.481854259967804,-0.317099273204803,6.73580415432198e-06,2.10424630903238e-05,0.481860995292664,0.481860995292664,-0.317078226665671,-0.317078226665671
lcl|NC_000913.3_cds_NP_415599.1_1059,0.800595641136169,-0.0965641587972641,3.43357094708722e-05,4.00144540603536e-06,0.80062997341156,0.80062997341156,-0.0965681551207771,-0.0965681551207771
lcl|NC_000913.3_cds_NP_415600.1_1060,0.721662521362305,-0.141684308648109,3.95213321118622e-05,5.32025306209502e-06,0.721623003482819,0.721623003482819,-0.141689631055889,-0.141689631055889
lcl|NC_000913.3_cds_NP_415602.1_1062,2.15294909477234,0.333008259534836,0.000109209722903928,3.48712456526697e-06,2.15283989906311,2.15283989906311,0.333011733707003,0.333011733707003
lcl|NC_000913.3_cds_NP_415604.1_1064,0.802977561950684,-0.0953058898448944,1.15640625615769e-05,3.04768222598374e-06,0.802965998649597,0.802965998649597,-0.0953028443993967,-0.0953028443993967
lcl|NC_000913.3_cds_NP_415607.1_1067,3.20893740653992,0.50634777545929,7.74956230736923e-05,2.98053039259834e-06,3.20885992050171,3.20885992050171,0.506350758827826,0.506350758827826
lcl|NC_000913.3_cds_NP_415620.1_1080,0.7795250415802,-0.108191892504692,4.20261713207502e-05,1.45303611271548e-06,0.779483020305634,0.779483020305634,-0.108193340729,-0.108193340729
lcl|NC_000913.3_cds_NP_415623.1_1083,0.605875790119171,-0.217640578746796,2.67650978505555e-05,4.99239772634846e-06,0.605849027633667,0.605849027633667,-0.217635584801106,-0.217635584801106
lcl|NC_000913.3_cds_NP_415624.1_1084,0.162963837385178,-0.787890136241913,8.3454850130119e-07,2.08634097430612e-05,0.162963002920151,0.162963002920151,-0.787910981187352,-0.787910981187352
lcl|NC_000913.3_cds_NP_415625.1_1085,0.696343779563904,-0.157165601849556,1.52005945755599e-05,1.22201743899767e-06,0.696358978748322,0.696358978748322,-0.157166820305953,-0.157166820305953
lcl|NC_000913.3_cds_NP_415627.1_1087,1.42152571678162,0.152774915099144,8.42902672522147e-05,5.55879849423562e-06,1.42160999774933,1.42160999774933,0.152780469068557,0.152780469068557
lcl|NC_000913.3_cds_NP_415628.1_1088,0.781431078910828,-0.107139028608799,4.70932310439877e-05,3.53200792705775e-06,0.781383991241455,0.781383991241455,-0.107135490713894,-0.107135490713894
lcl|NC_000913.3_cds_NP_415631.1_1091,0.822982609272003,-0.0846253633499146,3.26076138786376e-05,1.1922121243008e-06,0.822950005531311,0.822950005531311,-0.0846265475111555,-0.0846265475111555
lcl|NC_000913.3_cds_NP_415632.1_1092,0.956501066684723,-0.0193328764289618,4.00583277160176e-05,1.47158234133305e-07,0.956461012363434,0.956461012363434,-0.0193327281568267,-0.0193327281568267
lcl|NC_000913.3_cds_NP_415634.1_1094,0.771743893623352,-0.112509921193123,3.51101699506222e-05,2.87617668437869e-06,0.771779000759125,0.771779000759125,-0.112507042269553,-0.112507042269553
lcl|NC_000913.3_cds_NP_415637.1_1097,0.550071537494659,-0.259533524513245,3.74953782979057e-05,1.77048817849455e-05,0.550109028816223,0.550109028816223,-0.259551227013722,-0.259551227013722
lcl|NC_000913.3_cds_NP_415644.1_1104,1.0550240278244,0.0232559945434332,1.40680304403457e-05,5.66300774478812e-07,1.05500996112823,1.05500996112823,0.0232565601480272,0.0232565601480272
lcl|NC_000913.3_cds_NP_415646.4_1106,0.956739187240601,-0.0192103292793036,7.21269380457322e-06,6.1661146466846e-07,0.956731975078583,0.956731975078583,-0.0192097111757381,-0.0192097111757381
lcl|NC_000913.3_cds_NP_415647.1_1107,0.295279502868652,-0.529785215854645,1.35014969122263e-05,1.37104395895933e-06,0.295266002416611,0.295266002416611,-0.529786555787603,-0.529786555787603
lcl|NC_000913.3_cds_NP_415651.4_1111,1.70652163028717,0.23210883140564,1.66909700260238e-06,2.54834346706911e-06,1.70651996135712,1.70651996135712,0.232111372636073,0.232111372636073
lcl|NC_000913.3_cds_NP_415653.4_1113,0.362062692642212,-0.441184729337692,1.23094026116243e-05,1.67213090021813e-05,0.362075001001358,0.362075001001358,-0.441201459446882,-0.441201459446882
lcl|NC_000913.3_cds_NP_415694.1_1157,0.411255866289139,-0.385870367288589,6.13969489333156e-06,1.10578777809631e-05,0.411262005567551,0.411262005567551,-0.385881410924922,-0.385881410924922
lcl|NC_000913.3_cds_NP_415698.1_1161,0.589599907398224,-0.229440286755562,4.1130043475017e-06,7.30229951398032e-07,0.589604020118713,0.589604020118713,-0.229439563972917,-0.229439563972917
lcl|NC_000913.3_cds_NP_415706.1_1169,0.71069324016571,-0.148315757513046,2.26520309791525e-06,3.44248231603554e-06,0.710690975189209,0.710690975189209,-0.148319199473025,-0.148319199473025
lcl|NC_000913.3_cds_NP_415707.1_1170,0.687445163726807,-0.162776872515678,1.21605635569566e-05,7.24280914040072e-06,0.687433004379272,0.687433004379272,-0.162769620764832,-0.162769620764832
lcl|NC_000913.3_cds_NP_415715.1_1178,0.452657580375671,-0.344231009483337,1.34122629821285e-05,1.36808287433575e-05,0.452670991420746,0.452670991420746,-0.34421733556783,-0.34421733556783
lcl|NC_000913.3_cds_NP_415717.1_1180,0.647289216518402,-0.188891395926476,1.97899847249081e-05,3.04014088923914e-06,0.647309005260468,0.647309005260468,-0.188888351103922,-0.188888351103922
lcl|NC_000913.3_cds_NP_415722.1_1185,0.515776813030243,-0.287556737661362,1.18025039729979e-05,8.61368362205034e-06,0.515765011310577,0.515765011310577,-0.287548123055292,-0.287548123055292
lcl|NC_000913.3_cds_NP_415727.1_1190,0.927299976348877,-0.0327498354017735,6.5037175989024e-05,5.40210320771344e-07,0.927365005016327,0.927365005016327,-0.0327492966384651,-0.0327492966384651
lcl|NC_000913.3_cds_NP_415729.1_1192,1.60497260093689,0.205447271466255,5.25779865835085e-05,6.124882545968e-06,1.6049200296402,1.6049200296402,0.205453397145098,0.205453397145098
lcl|NC_000913.3_cds_NP_415735.1_1201,0.593585133552551,-0.226507365703583,1.88963219672987e-05,4.2024599702529e-06,0.593604028224945,0.593604028224945,-0.226503160576183,-0.226503160576183
lcl|NC_000913.3_cds_NP_415736.2_1202,0.30203303694725,-0.519945919513702,9.53769694893621e-07,1.7287076192778e-06,0.302033990621567,0.302033990621567,-0.519944179199457,-0.519944179199457
lcl|NC_000913.3_cds_NP_415738.2_1204,0.256948292255402,-0.590155720710754,1.02831667354194e-05,1.5975194142567e-05,0.256938010454178,0.256938010454178,-0.590171643069591,-0.590171643069591
lcl|NC_000913.3_cds_NP_415740.1_1206,0.416622400283813,-0.380251079797745,6.40807594935063e-06,1.29947198212505e-05,0.4166159927845,0.4166159927845,-0.380264062653405,-0.380264062653405
lcl|NC_000913.3_cds_NP_415742.1_1208,2.31606602668762,0.364744037389755,9.60940243481794e-05,1.11175969884712e-05,2.31596994400024,2.31596994400024,0.364732918941607,0.364732918941607
lcl|NC_000913.3_cds_NP_415753.1_1218,2.74895477294922,0.439123570919037,0.000124706805802309,2.43211271139131e-05,2.74883008003235,2.74883008003235,0.439147894596065,0.439147894596065
lcl|NC_000913.3_cds_NP_415759.1_1223,1.27328968048096,0.104913733899593,4.97151065582366e-05,3.464984230796e-06,1.27323997020721,1.27323997020721,0.104910263759806,0.104910263759806
lcl|NC_000913.3_cds_NP_415768.1_1233,0.556329011917114,-0.254650354385376,3.99379853564175e-06,1.48137483782602e-05,0.556333005428314,0.556333005428314,-0.254665174015339,-0.254665174015339
lcl|NC_000913.3_cds_NP_415777.1_1242,1.24544537067413,0.0953002348542213,7.53450158762522e-05,1.82562767511303e-06,1.24537003040314,1.24537003040314,0.0952984102956506,0.0952984102956506
lcl|NC_000913.3_cds_NP_415780.1_1245,1.05483198165894,0.0231837257742882,2.02676067603951e-06,1.27227573498993e-06,1.05482995510101,1.05482995510101,0.0231824544076627,0.0231824544076627
lcl|NC_000913.3_cds_NP_415782.1_1247,0.265538245439529,-0.575907349586487,4.23221260964406e-06,2.75398585282843e-05,0.26553401350975,0.26553401350975,-0.575879840181554,-0.575879840181554
lcl|NC_000913.3_cds_NP_415787.1_1252,0.622479438781738,-0.20588618516922,3.04609632252372e-05,1.00595792956003e-05,0.622448980808258,0.622448980808258,-0.205896239833008,-0.205896239833008
lcl|NC_000913.3_cds_NP_415788.1_1253,0.59178102016449,-0.22785122692585,1.60352471544491e-05,4.91787512331603e-07,0.591764986515045,0.591764986515045,-0.227850734702857,-0.227850734702857
lcl|NC_000913.3_cds_NP_415790.1_1255,1.55176436901093,0.190843686461449,3.56480657072648e-05,7.94298243409787e-06,1.5518000125885,1.5518000125885,0.190835751055147,0.190835751055147
lcl|NC_000913.3_cds_NP_415792.1_1259,0.681151449680328,-0.166752517223358,7.45113890388903e-06,8.554072470728e-06,0.681143999099731,0.681143999099731,-0.166761065174679,-0.166761065174679
lcl|NC_000913.3_cds_NP_415798.2_1265,0.64304792881012,-0.191773429512978,3.1950388285134e-05,4.79857320681944e-06,0.64301598072052,0.64301598072052,-0.191778233526019,-0.191778233526019
lcl|NC_000913.3_cds_NP_415802.1_1271,1.59277951717377,0.202160030603409,3.05206302365959e-05,3.9492819155949e-06,1.59281003475189,1.59281003475189,0.202163983096479,0.202163983096479
lcl|NC_000913.3_cds_NP_415807.1_1276,0.718818485736847,-0.143355220556259,4.05337112863989e-05,1.05805315241101e-06,0.718859016895294,0.718859016895294,-0.143356275386351,-0.143356275386351
lcl|NC_000913.3_cds_NP_415813.4_1282,0.796934723854065,-0.0985487848520279,4.32781851468458e-05,4.88806975599069e-06,0.796977996826172,0.796977996826172,-0.0985536685523029,-0.0985536685523029
lcl|NC_000913.3_cds_NP_415815.1_1284,0.47434413433075,-0.323937982320786,2.01480740721032e-05,1.3084405372678e-05,0.474323987960815,0.474323987960815,-0.32392491124191,-0.32392491124191
lcl|NC_000913.3_cds_NP_415816.1_1285,1.0937591791153,0.0389356538653374,3.08784456755761e-05,1.68395103858049e-06,1.09379005432129,1.09379005432129,0.0389339700780965,0.0389339700780965
lcl|NC_000913.3_cds_NP_415841.4_1310,0.287922650575638,-0.540754079818726,8.64336513234151e-06,1.68702616421267e-05,0.287914007902145,0.287914007902145,-0.540737204845396,-0.540737204845396
lcl|NC_000913.3_cds_NP_415842.2_1311,0.460047960281372,-0.337188184261322,3.96401456540859e-06,1.24584852874291e-05,0.460043996572495,0.460043996572495,-0.337200632329402,-0.337200632329402
lcl|NC_000913.3_cds_NP_415845.2_1316,0.425671130418777,-0.370883166790009,1.78825412508508e-05,2.43814578078699e-05,0.42568901181221,0.42568901181221,-0.370907559996491,-0.370907559996491
lcl|NC_000913.3_cds_NP_415847.1_1318,0.466939270496368,-0.330724388360977,2.68247730241189e-07,1.54689197657912e-05,0.466939002275467,0.466939002275467,-0.330739848995768,-0.330739848995768
lcl|NC_000913.3_cds_NP_415854.4_1325,0.549315333366394,-0.260177582502365,7.33191621494021e-06,6.49735991062525e-06,0.549308001995087,0.549308001995087,-0.260184074386619,-0.260184074386619
lcl|NC_000913.3_cds_NP_415859.1_1330,0.326413750648499,-0.486245810985565,9.74665307582872e-06,1.28162803156134e-06,0.326404005289078,0.326404005289078,-0.486244520677146,-0.486244520677146
lcl|NC_000913.3_cds_NP_415866.1_1337,0.769481718540192,-0.113809950649738,2.27112860008739e-05,4.56012795325413e-06,0.769459009170532,0.769459009170532,-0.113814511069951,-0.113814511069951
lcl|NC_000913.3_cds_NP_415888.1_1357,0.633848249912262,-0.198001936078072,3.7553951961029e-06,1.01933738682764e-05,0.633852005004883,0.633852005004883,-0.198012131570296,-0.198012131570296
lcl|NC_000913.3_cds_NP_415896.1_1365,1.02295899391174,0.00987150426954031,3.09967614108939e-05,1.20149749027055e-07,1.02298998832703,1.02298998832703,0.00987138343297804,0.00987138343297804
lcl|NC_000913.3_cds_NP_415897.1_1367,0.765133440494537,-0.116272009909153,1.74663690948056e-05,7.22753910098554e-07,0.765115976333618,0.765115976333618,-0.116272729468415,-0.116272729468415
lcl|NC_000913.3_cds_NP_415899.1_1369,0.351922035217285,-0.453587412834167,1.00444216926504e-05,2.14598185809669e-05,0.351911991834641,0.351911991834641,-0.453565933793177,-0.453565933793177
lcl|NC_000913.3_cds_NP_415903.4_1373,0.286012977361679,-0.543613851070404,9.03095966051597e-06,1.3293041124781e-05,0.286022007465363,0.286022007465363,-0.543600549552576,-0.543600549552576
lcl|NC_000913.3_cds_NP_415904.3_1374,1.12371039390564,0.0506714880466461,3.95799694498163e-05,1.79575493861779e-06,1.12374997138977,1.12374997138977,0.0506696936843197,0.0506696936843197
lcl|NC_000913.3_cds_NP_415905.1_1375,0.484214752912521,-0.314943909645081,6.25891648316306e-06,1.24584852874291e-05,0.484221011400223,0.484221011400223,-0.314956369505622,-0.314956369505622
lcl|NC_000913.3_cds_NP_415910.1_1380,0.504643678665161,-0.296997576951981,1.63329489383945e-05,3.54673547658918e-06,0.50466001033783,0.50466001033783,-0.297001107744409,-0.297001107744409
lcl|NC_000913.3_cds_NP_415915.1_1385,0.41501596570015,-0.381957501173019,1.49626951474456e-05,6.64652056239049e-06,0.415001004934311,0.415001004934311,-0.381950851632733,-0.381950851632733
lcl|NC_000913.3_cds_NP_415916.1_1386,0.456460505723953,-0.340576618909836,1.74958749662566e-05,3.51700761008642e-06,0.456477999687195,0.456477999687195,-0.340580148786186,-0.340580148786186
lcl|NC_000913.3_cds_NP_415928.1_1398,0.171024009585381,-0.766897916793823,5.99079788509132e-06,2.98045556155561e-05,0.17102999985218,0.17102999985218,-0.766927704651562,-0.766927704651562
lcl|NC_000913.3_cds_NP_415933.1_1403,0.65691077709198,-0.18250797688961,2.57517826420601e-05,2.66759139773579e-06,0.656885027885437,0.656885027885437,-0.182510636717778,-0.182510636717778
lcl|NC_000913.3_cds_NP_415940.1_1411,0.347691655158997,-0.458762049674988,1.93441128770784e-05,1.95229964766206e-05,0.347710996866226,0.347710996866226,-0.458781573904612,-0.458781573904612
lcl|NC_000913.3_cds_NP_415941.5_1412,0.88623058795929,-0.0524484999477863,3.39780453519171e-06,3.09975158054447e-06,0.886233985424042,0.886233985424042,-0.0524515995999161,-0.0524515995999161
lcl|NC_000913.3_cds_NP_415948.1_1418,1.09796297550201,0.040568545460701,5.29326560120331e-05,1.78460470628546e-06,1.09791004657745,1.09791004657745,0.0405667591711078,0.0405667591711078
lcl|NC_000913.3_cds_NP_415952.2_1423,0.794909060001373,-0.0997008234262466,3.10574625918124e-05,1.29648302215015e-06,0.794878005981445,0.794878005981445,-0.0996995196385412,-0.0996995196385412
lcl|NC_000913.3_cds_NP_415958.1_1429,0.534028053283691,-0.272423833608627,2.09232414517246e-05,4.9178057987058e-06,0.534048974514008,0.534048974514008,-0.272418914533404,-0.272418914533404
lcl|NC_000913.3_cds_NP_415961.1_1432,0.703857660293579,-0.152521744370461,5.36495464524173e-06,9.88033302796555e-06,0.703863024711609,0.703863024711609,-0.152511848528093,-0.152511848528093
lcl|NC_000913.3_cds_NP_415966.6_1438,0.409666419029236,-0.387573719024658,9.41812698453153e-06,5.90125198649893e-06,0.409657001495361,0.409657001495361,-0.387579618163756,-0.387579618163756
lcl|NC_000913.3_cds_NP_415968.1_1440,0.394316852092743,-0.404150158166885,1.71380238180635e-05,1.43660395089423e-05,0.394333988428116,0.394333988428116,-0.404135788611226,-0.404135788611226
lcl|NC_000913.3_cds_NP_415969.1_1441,1.18147194385529,0.0723979696631432,6.19935228217878e-05,2.66012653104751e-06,1.18140995502472,1.18140995502472,0.0724006260732155,0.0724006260732155
lcl|NC_000913.3_cds_NP_415981.1_1452,0.760987102985382,-0.118617258965969,6.91483047711121e-06,1.5051182761263e-06,0.760994017124176,0.760994017124176,-0.118618757605472,-0.118618757605472
lcl|NC_000913.3_cds_NP_415991.1_1461,1.9482626914978,0.289670288562775,5.73458541681662e-05,9.98479545269693e-06,1.94832003116608,1.94832003116608,0.289660295640014,0.289660295640014
lcl|NC_000913.3_cds_NP_415996.2_1466,1.27099847793579,0.10415456444025,2.15792198792651e-05,2.16084128308538e-06,1.2710200548172,1.2710200548172,0.104152403132869,0.104152403132869
lcl|NC_000913.3_cds_NP_416004.1_1474,0.607173562049866,-0.216688379645348,1.65713943779054e-05,1.06258523382742e-05,0.607156991958618,0.607156991958618,-0.216698999326951,-0.216698999326951
lcl|NC_000913.3_cds_NP_416006.4_1476,0.610838651657104,-0.214096754789352,1.16242889017238e-05,1.49921534548293e-05,0.610827028751373,0.610827028751373,-0.214081753904646,-0.214081753904646
lcl|NC_000913.3_cds_NP_416028.3_1497,0.28372460603714,-0.547114789485931,3.87468947568059e-07,1.23990063221779e-05,0.283724993467331,0.283724993467331,-0.547102405315035,-0.547102405315035
lcl|NC_000913.3_cds_NP_416030.1_1499,0.529939472675323,-0.275768101215363,1.44856182808014e-05,1.7525175954066e-05,0.529924988746643,0.529924988746643,-0.275785600736855,-0.275785600736855
lcl|NC_000913.3_cds_NP_416033.1_1502,0.397553086280823,-0.400634288787842,2.20861286898852e-05,5.30515117489409e-06,0.397531002759933,0.397531002759933,-0.400628995806204,-0.400628995806204
lcl|NC_000913.3_cds_NP_416039.1_1508,0.405372351408005,-0.392180413007736,8.34548509096079e-06,2.56022569848127e-05,0.405364006757736,0.405364006757736,-0.392154815979633,-0.392154815979633
lcl|NC_000913.3_cds_NP_416103.2_1574,0.35757839679718,-0.446618497371674,2.05950752872813e-05,1.47834304927016e-05,0.35759899020195,0.35759899020195,-0.446603716247317,-0.446603716247317
lcl|NC_000913.3_cds_NP_416104.1_1575,0.722887217998505,-0.140935391187668,2.12206046995764e-05,6.81043615118684e-06,0.722865998744965,0.722865998744965,-0.140942202566241,-0.140942202566241
lcl|NC_000913.3_cds_NP_416105.4_1576,0.50486421585083,-0.296841442584991,1.22204609419529e-05,5.51390849692826e-06,0.504851996898651,0.504851996898651,-0.2968359215864,-0.2968359215864
lcl|NC_000913.3_cds_NP_416106.1_1577,0.901588797569275,-0.0449831299483776,1.52005945755599e-05,1.0431856363701e-06,0.901603996753693,0.901603996753693,-0.0449841717576165,-0.0449841717576165
lcl|NC_000913.3_cds_NP_416112.1_1583,0.418455511331558,-0.378385037183762,8.52414272252226e-06,2.54842194675311e-05,0.418446987867355,0.418446987867355,-0.378359554002809,-0.378359554002809
lcl|NC_000913.3_cds_NP_416115.1_1587,0.245798751711845,-0.609436571598053,9.74665307582872e-06,9.53769694893621e-07,0.245789006352425,0.245789006352425,-0.609437546133262,-0.609437546133262
lcl|NC_000913.3_cds_NP_416119.1_1591,1.56445121765137,0.19434879720211,2.12206046995764e-05,7.34718153805859e-06,1.56442999839783,1.56442999839783,0.194356135082274,0.194356135082274
lcl|NC_000913.3_cds_NP_416121.1_1593,2.12633037567139,0.327636748552322,2.95668609854033e-05,2.98053029654257e-08,2.1263599395752,2.1263599395752,0.327636781607816,0.327636781607816
lcl|NC_000913.3_cds_NP_416126.1_1598,0.450169295072556,-0.346652179956436,2.02973692274852e-05,8.46442521928812e-06,0.45014899969101,0.45014899969101,-0.346643710595902,-0.346643710595902
lcl|NC_000913.3_cds_NP_416127.1_1599,0.447048097848892,-0.34961149096489,2.49169705748583e-05,1.00444216926504e-05,0.447073012590408,0.447073012590408,-0.349621545378693,-0.349621545378693
lcl|NC_000913.3_cds_NP_416128.1_1600,0.780276656150818,-0.107734277844429,1.73465477662807e-05,7.45113890388903e-06,0.780294001102448,0.780294001102448,-0.107741731926089,-0.107741731926089
lcl|NC_000913.3_cds_NP_416130.3_1602,1.01674926280975,0.00720587698742747,1.93131186066098e-05,2.59405142902186e-07,1.01672995090485,1.01672995090485,0.00720561722391656,0.00720561722391656
lcl|NC_000913.3_cds_NP_416131.1_1603,0.888363838195801,-0.0514185130596161,1.38296609542224e-05,2.62286670487753e-06,0.888350009918213,0.888350009918213,-0.0514158884706069,-0.0514158884706069
lcl|NC_000913.3_cds_NP_416134.1_1606,1.08758401870728,0.0364826917648315,4.60188269500591e-05,1.49769947127283e-06,1.08763003349304,1.08763003349304,0.0364811915600108,0.0364811915600108
lcl|NC_000913.3_cds_NP_416141.4_1613,0.460713803768158,-0.336549639701843,1.2190728903935e-05,7.6599079959359e-06,0.460725992918015,0.460725992918015,-0.336557285332689,-0.336557285332689
lcl|NC_000913.3_cds_NP_416146.1_1619,0.83447277545929,-0.0785846635699272,1.25182274112555e-06,2.5185092590129e-06,0.83447402715683,0.83447402715683,-0.0785871761063739,-0.0785871761063739
lcl|NC_000913.3_cds_NP_416148.1_1621,0.531732738018036,-0.274303376674652,1.8717402196444e-05,1.85094713937995e-05,0.531714022159576,0.531714022159576,-0.274321886486217,-0.274321886486217
lcl|NC_000913.3_cds_NP_416154.1_1627,2.11982846260071,0.326294422149658,8.34548509096079e-06,4.58984886575633e-06,2.11982011795044,2.11982011795044,0.326299009468363,0.326299009468363
lcl|NC_000913.3_cds_NP_416155.1_1628,0.94140899181366,-0.0262142270803452,1.80020667202245e-05,8.73676941206563e-07,0.941426992416382,0.941426992416382,-0.0262133538417934,-0.0262133538417934
lcl|NC_000913.3_cds_NP_416159.2_1632,0.441512495279312,-0.355076014995575,1.24882332761729e-05,6.73580415432198e-06,0.441500008106232,0.441500008106232,-0.355069284112479,-0.355069284112479
lcl|NC_000913.3_cds_NP_416163.1_1636,0.562987864017487,-0.249511078000069,6.85502636584705e-06,4.81349205227837e-06,0.562981009483337,0.562981009483337,-0.249506254554863,-0.249506254554863
lcl|NC_000913.3_cds_NP_416167.1_1640,1.27230608463287,0.104575656354427,6.60503782086768e-05,6.59420816467025e-06,1.27224004268646,1.27224004268646,0.104569060509572,0.104569060509572
lcl|NC_000913.3_cds_NP_416168.1_1641,2.0943500995636,0.321043103933334,6.00863231376464e-05,6.28907812269899e-06,2.09429001808167,2.09429001808167,0.321036822773143,0.321036822773143
lcl|NC_000913.3_cds_NP_416170.1_1643,0.254504323005676,-0.594317376613617,1.73164853269058e-05,1.69889159211954e-05,0.254487007856369,0.254487007856369,-0.594334384487591,-0.594334384487591
lcl|NC_000913.3_cds_NP_416175.1_1649,1.43102085590363,0.155634924769402,6.08023783022396e-05,7.40687418913009e-06,1.43096005916595,1.43096005916595,0.155627511938737,0.155627511938737
lcl|NC_000913.3_cds_NP_416181.1_1655,0.361565381288528,-0.441809266805649,1.23691660362421e-05,1.87476891489528e-05,0.361553013324738,0.361553013324738,-0.44182801453433,-0.44182801453433
lcl|NC_000913.3_cds_NP_416191.1_1665,4.41533374786377,0.64496111869812,0.000103957758570004,7.80880695957993e-06,4.41522979736328,4.41522979736328,0.644953312019968,0.644953312019968
lcl|NC_000913.3_cds_NP_416193.1_1667,0.271861404180527,-0.565655887126923,1.35912181407668e-05,2.50955828201795e-05,0.271874994039536,0.271874994039536,-0.565630735222563,-0.565630735222563
lcl|NC_000913.3_cds_NP_416196.1_1670,0.564431071281433,-0.248413279652596,3.60653648155116e-05,3.57663640321586e-06,0.564395010471344,0.564395010471344,-0.248416834276905,-0.248416834276905
lcl|NC_000913.3_cds_NP_416198.2_1672,0.83026248216629,-0.0808032900094986,3.45141775103433e-05,6.55716676219381e-07,0.830227971076965,0.830227971076965,-0.080802638965517,-0.080802638965517
lcl|NC_000913.3_cds_NP_416201.1_1675,0.3734210729599,-0.427761763334274,1.79426092549833e-05,1.856855020772e-05,0.373439013957977,0.373439013957977,-0.427780312360235,-0.427780312360235
lcl|NC_000913.3_cds_NP_416202.1_1676,0.57366406917572,-0.241336077451706,4.05352135207902e-06,9.34380673762515e-06,0.573660016059875,0.573660016059875,-0.241345419264688,-0.241345419264688
lcl|NC_000913.3_cds_NP_416209.1_1683,0.467198580503464,-0.330480366945267,1.43065456128634e-06,1.67802152527396e-05,0.467200011014938,0.467200011014938,-0.330497155656515,-0.330497155656515
lcl|NC_000913.3_cds_NP_416210.4_1684,1.14205646514893,0.0576756335794926,3.6481023626033e-05,1.92612110456482e-06,1.14201998710632,1.14201998710632,0.0576737047977677,0.0576737047977677
lcl|NC_000913.3_cds_NP_416212.1_1686,0.759761691093445,-0.119329884648323,2.27112860008739e-05,5.71516234009076e-06,0.759738981723785,0.759738981723785,-0.119335589650466,-0.119335589650466
lcl|NC_000913.3_cds_NP_416213.1_1687,0.928915321826935,-0.0320267453789711,2.32481368540835e-06,1.78460470628546e-06,0.928912997245789,0.928912997245789,-0.0320249604794343,-0.0320249604794343
lcl|NC_000913.3_cds_NP_416216.4_1690,0.290774166584015,-0.536398887634277,1.18329048155627e-05,2.76593219084449e-05,0.290785998106003,0.290785998106003,-0.536426509407571,-0.536426509407571
lcl|NC_000913.3_cds_NP_416217.1_1691,1.82172679901123,0.26049730181694,3.32635757969331e-05,6.11023047097645e-06,1.82176005840302,1.82176005840302,0.260491176054312,0.260491176054312
lcl|NC_000913.3_cds_NP_416219.1_1693,0.656986892223358,-0.182433277368546,2.00888433853009e-05,3.26376890502866e-06,0.657006978988647,0.657006978988647,-0.182430017167524,-0.182430017167524
lcl|NC_000913.3_cds_NP_416220.1_1694,0.573419570922852,-0.241535261273384,8.58392736771806e-06,1.25182274112555e-06,0.573410987854004,0.573410987854004,-0.241533989243317,-0.241533989243317
lcl|NC_000913.3_cds_NP_416227.1_1701,0.40941795706749,-0.387825429439545,1.29655901792925e-05,2.14598185809669e-05,0.409404993057251,0.409404993057251,-0.387846865034557,-0.387846865034557
lcl|NC_000913.3_cds_NP_416228.1_1702,2.23994541168213,0.350220292806625,5.53186438168897e-05,6.40807594935063e-06,2.23989009857178,2.23989009857178,0.350226709961506,0.350226709961506
lcl|NC_000913.3_cds_NP_416233.1_1707,0.932446122169495,-0.030371094122529,1.08487412601519e-05,1.08044226204863e-07,0.932456970214844,0.932456970214844,-0.0303712003015047,-0.0303712003015047
lcl|NC_000913.3_cds_NP_416241.1_1716,0.486822754144669,-0.312619686126709,2.22351939769425e-05,1.04018940980884e-05,0.48684498667717,0.48684498667717,-0.312609297814711,-0.312609297814711
lcl|NC_000913.3_cds_NP_416259.1_1734,0.508393049240112,-0.293813139200211,2.98053039259834e-06,1.52900926830458e-05,0.508396029472351,0.508396029472351,-0.293797849905956,-0.293797849905956
lcl|NC_000913.3_cds_NP_416260.1_1735,0.443221032619476,-0.35339343547821,1.20409462090104e-05,1.99689926782087e-06,0.443208992481232,0.443208992481232,-0.353391436579811,-0.353391436579811
lcl|NC_000913.3_cds_NP_416263.1_1738,1.01043939590454,0.00451074214652181,5.961060621504e-07,2.15155144752221e-07,1.01043999195099,1.01043999195099,0.00451052671980299,0.00451052671980299
lcl|NC_000913.3_cds_NP_416268.2_1743,0.325592696666718,-0.487304747104645,1.43065456128634e-05,1.52007044461957e-06,0.325607001781464,0.325607001781464,-0.487306264709255,-0.487306264709255
lcl|NC_000913.3_cds_NP_416271.4_1746,0.986289918422699,-0.00600764667615294,2.69432166172879e-05,3.77229942615263e-07,0.98626297712326,0.98626297712326,-0.00600726935317507,-0.00600726935317507
lcl|NC_000913.3_cds_NP_416275.1_1750,1.48448288440704,0.171584606170654,5.71073506011347e-05,7.30251070045211e-06,1.48453998565674,1.48453998565674,0.171591899686329,0.171591899686329
lcl|NC_000913.3_cds_NP_416277.1_1752,0.621810078620911,-0.206359401345253,2.50955828201795e-05,3.72566299074792e-07,0.62178498506546,0.62178498506546,-0.206359769558748,-0.206359769558748
lcl|NC_000913.3_cds_NP_416291.4_1766,0.567783355712891,-0.245847016572952,2.73616574867151e-05,8.74793748312832e-06,0.567755997180939,0.567755997180939,-0.245838269651014,-0.245838269651014
lcl|NC_000913.3_cds_NP_416293.1_1768,6.75769901275635,0.829816043376923,0.000309009897705756,3.7078977422882e-05,6.75739002227783,6.75739002227783,0.829778986208493,0.829778986208493
lcl|NC_000913.3_cds_NP_416294.4_1769,1.03861045837402,0.0164644103497267,2.95668609854033e-05,6.42697920963714e-07,1.03864002227783,1.03864002227783,0.0164650534020459,0.0164650534020459
lcl|NC_000913.3_cds_NP_416297.1_1772,0.850597143173218,-0.0702604949474335,2.5870749398463e-05,2.37696173508152e-06,0.85062301158905,0.85062301158905,-0.0702628726554263,-0.0702628726554263
lcl|NC_000913.3_cds_NP_416298.1_1773,0.707292020320892,-0.150386705994606,3.09967614108939e-05,4.48565231374582e-06,0.707323014736176,0.707323014736176,-0.150382210699808,-0.150382210699808
lcl|NC_000913.3_cds_NP_416308.4_1783,0.252732664346695,-0.597345113754272,5.33518279547158e-06,1.56176139191599e-05,0.252737998962402,0.252737998962402,-0.597329457332004,-0.597329457332004
lcl|NC_000913.3_cds_NP_416314.1_1791,0.745848596096039,-0.127357289195061,1.16242889017238e-05,1.1922121243008e-06,0.745836973190308,0.745836973190308,-0.127356091268998,-0.127356091268998
lcl|NC_000913.3_cds_NP_416317.1_1794,0.237179517745972,-0.624939978122711,8.52414272252226e-06,1.54987579027223e-06,0.237170994281769,0.237170994281769,-0.624938425736275,-0.624938425736275
lcl|NC_000913.3_cds_NP_416319.1_1796,0.89594042301178,-0.0477485917508602,6.14574724362279e-05,2.06769909067361e-06,0.895878970623016,0.895878970623016,-0.0477506576826161,-0.0477506576826161
lcl|NC_000913.3_cds_NP_416320.1_1797,0.468527436256409,-0.329231321811676,2.15792198792651e-05,1.3651215362991e-05,0.468549013137817,0.468549013137817,-0.329244972498882,-0.329244972498882
lcl|NC_000913.3_cds_NP_416321.1_1798,0.772215962409973,-0.112266257405281,8.9412706254254e-06,0,0.772207021713257,0.772207021713257,-0.112266253634715,-0.112266253634715
lcl|NC_000913.3_cds_NP_416325.1_1802,0.674312651157379,-0.171143725514412,1.76447398732162e-05,6.33357939175108e-06,0.674295008182526,0.674295008182526,-0.171150055400934,-0.171150055400934
lcl|NC_000913.3_cds_NP_416326.1_1803,0.659596800804138,-0.180729165673256,2.37853376337487e-05,7.95824115313963e-06,0.659573018550873,0.659573018550873,-0.180737118543197,-0.180737118543197
lcl|NC_000913.3_cds_NP_416341.1_1819,0.650634467601776,-0.186659038066864,5.48417583583733e-06,7.55546136593078e-06,0.650628983974457,0.650628983974457,-0.186666593836531,-0.186666593836531
lcl|NC_000913.3_cds_NP_416344.1_1822,1.13347709178925,0.054439939558506,6.29488015784451e-05,3.07371061829786e-06,1.13354003429413,1.13354003429413,0.0544368631180215,0.0544368631180215
lcl|NC_000913.3_cds_NP_416348.2_1826,0.801037847995758,-0.0963363796472549,2.71824362815337e-05,4.15048228643498e-06,0.801065027713776,0.801065027713776,-0.0963322279470089,-0.0963322279470089
lcl|NC_000913.3_cds_NP_416349.2_1827,0.415281385183334,-0.381687253713608,1.03718641772012e-05,1.88663604229173e-05,0.415271013975143,0.415271013975143,-0.381668381700082,-0.381668381700082
lcl|NC_000913.3_cds_NP_416359.1_1837,0.558038175106049,-0.253333657979965,3.81507877957449e-06,5.06690169009877e-07,0.558041989803314,0.558041989803314,-0.253333121396153,-0.253333121396153
lcl|NC_000913.3_cds_NP_416363.1_1841,0.789535105228424,-0.102655053138733,4.11326669416777e-05,3.87459517636174e-06,0.789493978023529,0.789493978023529,-0.102651178285359,-0.102651178285359
lcl|NC_000913.3_cds_NP_416370.2_1848,0.891559302806854,-0.0498627722263336,2.43211271139131e-05,1.16240684270418e-06,0.891534984111786,0.891534984111786,-0.04986161030287,-0.04986161030287
lcl|NC_000913.3_cds_NP_416378.1_1857,3.15821886062622,0.499486953020096,9.10838740597872e-05,3.2219191355354e-05,3.15830993652344,3.15830993652344,0.499454746671983,0.499454746671983
lcl|NC_000913.3_cds_NP_416379.1_1858,0.485621333122253,-0.313683331012726,3.16832363497712e-05,9.41812698453153e-06,0.485653012990952,0.485653012990952,-0.313673912557169,-0.313673912557169
lcl|NC_000913.3_cds_NP_416380.1_1859,3.00201964378357,0.477439641952515,0.000170487424995603,1.46045990279606e-06,3.00219011306763,3.00219011306763,0.477438190386247,0.477438190386247
lcl|NC_000913.3_cds_NP_416389.4_1868,0.545921266078949,-0.262828558683395,3.57650825017016e-05,1.29947198212505e-05,0.545957028865814,0.545957028865814,-0.262841538359122,-0.262841538359122
lcl|NC_000913.3_cds_NP_416397.1_1876,0.501200437545776,-0.30001562833786,2.54541363345832e-05,5.0072909645022e-06,0.501174986362457,0.501174986362457,-0.30001061276936,-0.30001061276936
lcl|NC_000913.3_cds_NP_416402.1_1881,0.453773379325867,-0.343141406774521,1.26080032734616e-05,7.51079039220579e-06,0.453785985708237,0.453785985708237,-0.343148920578808,-0.343148920578808
lcl|NC_000913.3_cds_NP_416403.1_1882,0.328376293182373,-0.483636438846588,8.7028462413813e-06,1.97315668693907e-05,0.32838499546051,0.32838499546051,-0.483616694846064,-0.483616694846064
lcl|NC_000913.3_cds_NP_416410.1_1889,0.505366384983063,-0.296394795179367,1.34122629821285e-05,1.04018940980884e-05,0.505352973937988,0.505352973937988,-0.296405174187879,-0.296405174187879
lcl|NC_000913.3_cds_NP_416423.4_1903,0.692815840244293,-0.159404456615448,2.08634097430612e-05,9.17969773151266e-06,0.692794978618622,0.692794978618622,-0.159395268747822,-0.159395268747822
lcl|NC_000913.3_cds_NP_416430.1_1910,1.0932639837265,0.0387306623160839,1.5975194142567e-05,7.22753910098554e-07,1.0932799577713,1.0932799577713,0.0387313866036859,0.0387313866036859
lcl|NC_000913.3_cds_NP_416433.1_1913,1.99601352214813,0.300161004066467,8.35747908805941e-05,1.5707921443062e-05,1.99592995643616,1.99592995643616,0.300145296436812,0.300145296436812
lcl|NC_000913.3_cds_NP_416434.1_1914,0.796678900718689,-0.0986958220601082,2.80762552889849e-05,5.55879849423562e-06,0.796706974506378,0.796706974506378,-0.0987013809311117,-0.0987013809311117
lcl|NC_000913.3_cds_NP_416437.1_1917,0.53596442937851,-0.270864695310593,1.35912181407668e-05,1.16836792223685e-05,0.535978019237518,0.535978019237518,-0.270853020604986,-0.270853020604986
lcl|NC_000913.3_cds_NP_416438.1_1918,0.885240435600281,-0.0529597550630569,3.84480452991538e-05,2.13478200576617e-06,0.885201990604401,0.885201990604401,-0.0529576181208135,-0.0529576181208135
lcl|NC_000913.3_cds_NP_416448.1_1926,0.829328298568726,-0.0812964290380478,3.4276047636127e-05,4.97011999873337e-06,0.82929402589798,0.82929402589798,-0.0812914631946557,-0.0812914631946557
lcl|NC_000913.3_cds_NP_416450.2_1928,0.435060054063797,-0.361448556184769,8.9412706254254e-06,6.70613149106426e-06,0.435068994760513,0.435068994760513,-0.36144186564825,-0.36144186564825
lcl|NC_000913.3_cds_NP_416451.1_1929,0.71214085817337,-0.147460594773293,3.78519383464936e-05,3.41280384074776e-06,0.712103009223938,0.712103009223938,-0.147457178973089,-0.147457178973089
lcl|NC_000913.3_cds_NP_416453.1_1931,0.430692970752716,-0.365817368030548,2.90310627687478e-05,1.44253876091464e-05,0.430721998214722,0.430721998214722,-0.365802946999198,-0.365802946999198
lcl|NC_000913.3_cds_NP_416463.4_1941,1.08549535274506,0.0356587618589401,7.46348663946571e-05,9.35168446715347e-07,1.08556997776031,1.08556997776031,0.0356578240830343,0.0356578240830343
lcl|NC_000913.3_cds_NP_416464.1_1942,0.353664219379425,-0.451414346694946,4.7688484972032e-06,1.13256214141562e-05,0.353668987751007,0.353668987751007,-0.451403020589821,-0.451403020589821
lcl|NC_000913.3_cds_NP_416465.2_1943,0.554615318775177,-0.25601863861084,1.03126243166773e-05,2.41413982582622e-06,0.554605007171631,0.554605007171631,-0.256016213775119,-0.256016213775119
lcl|NC_000913.3_cds_NP_416470.1_1948,0.634584248065948,-0.1975067704916,1.37699292641422e-05,5.4693852765657e-06,0.634598016738892,0.634598016738892,-0.19750128950113,-0.19750128950113
lcl|NC_000913.3_cds_NP_416489.1_1964,0.391382902860641,-0.407371789216995,1.40982601147678e-05,1.07299092904835e-05,0.391396999359131,0.391396999359131,-0.407382508179211,-0.407382508179211
lcl|NC_000913.3_cds_NP_416498.1_1974,0.487086147069931,-0.312375545501709,3.28461040559068e-05,1.06103023497882e-05,0.487118989229202,0.487118989229202,-0.312364940112664,-0.312364940112664
lcl|NC_000913.3_cds_NP_416514.4_1993,0.51694118976593,-0.286539912223816,1.57971276623796e-05,5.66281070707812e-06,0.516956984996796,0.516956984996796,-0.286545592216931,-0.286545592216931
lcl|NC_000913.3_cds_NP_416520.1_2000,0.264889776706696,-0.576924622058868,9.77613951198138e-06,2.62286671479829e-05,0.264880001544952,0.264880001544952,-0.5769508297229,-0.5769508297229
lcl|NC_000913.3_cds_NP_416524.1_2005,1.35062074661255,0.130554094910622,5.92549935130407e-05,1.62433997765631e-06,1.35067999362946,1.35067999362946,0.130552467110125,0.130552467110125
lcl|NC_000913.3_cds_NP_416529.1_2010,1.24312436580658,0.0944843664765358,7.43940379330673e-05,4.23221260964406e-06,1.2430499792099,1.2430499792099,0.0944885906357751,0.0944885906357751
lcl|NC_000913.3_cds_NP_416535.1_2016,0.46091040968895,-0.336423575878143,3.23994680314878e-05,9.56745790695642e-06,0.460878014564514,0.460878014564514,-0.336414008692684,-0.336414008692684
lcl|NC_000913.3_cds_NP_416546.1_2027,1.25894784927368,0.100036598742008,8.21444185898287e-05,5.21592818185049e-07,1.25902998447418,1.25902998447418,0.100036073186985,0.100036073186985
lcl|NC_000913.3_cds_NP_416552.1_2033,1.11132526397705,0.0458333939313889,2.52748974476688e-05,2.08264552281747e-06,1.11129999160767,1.11129999160767,0.0458313110680422,0.0458313110680422
lcl|NC_000913.3_cds_NP_416553.1_2034,0.976726293563843,-0.0102281719446182,3.27858339349787e-06,4.07034948098492e-07,0.97672301530838,0.97672301530838,-0.0102285785311831,-0.0102285785311831
lcl|NC_000913.3_cds_NP_416564.4_2045,1.24947965145111,0.0967103317379951,4.97151065582366e-05,1.5796810904793e-06,1.24942994117737,1.24942994117737,0.0967119091114491,0.0967119091114491
lcl|NC_000913.3_cds_NP_416567.4_2048,0.680645942687988,-0.167109847068787,3.69579154472244e-05,7.52586185034993e-06,0.680608987808228,0.680608987808228,-0.167102320109818,-0.167102320109818
lcl|NC_000913.3_cds_NP_416568.1_2049,0.315636217594147,-0.500826418399811,1.32331640030083e-05,4.94749618122703e-06,0.315622985363007,0.315622985363007,-0.500831376651391,-0.500831376651391
lcl|NC_000913.3_cds_NP_416571.1_2052,0.363795310258865,-0.439121931791306,5.6927421287367e-06,1.41572799828698e-05,0.363801002502441,0.363801002502441,-0.439136108514211,-0.439136108514211
lcl|NC_000913.3_cds_NP_416578.2_2061,0.803039848804474,-0.0952391028404236,4.91793698927657e-05,2.79426060944487e-06,0.803089022636414,0.803089022636414,-0.0952363103915172,-0.0952363103915172
lcl|NC_000913.3_cds_NP_416579.1_2062,1.13383090496063,0.0545683354139328,5.91337219708066e-05,2.6004735245221e-06,1.13389003276825,1.13389003276825,0.0545709377335085,0.0545709377335085
lcl|NC_000913.3_cds_NP_416580.1_2063,0.675293862819672,-0.170513913035393,7.15327280643172e-06,1.13110641561834e-05,0.675301015377045,0.675301015377045,-0.170502597277721,-0.170502597277721
lcl|NC_000913.3_cds_NP_416582.1_2065,0.611103236675262,-0.213866963982582,2.97458726874388e-05,2.68247732262087e-06,0.611132979393005,0.611132979393005,-0.213864279229065,-0.213864279229065
lcl|NC_000913.3_cds_NP_416584.4_2067,0.651553452014923,-0.186048731207848,9.47792410710664e-06,7.54080771833953e-06,0.651543974876404,0.651543974876404,-0.186056266978788,-0.186056266978788
lcl|NC_000913.3_cds_NP_416585.1_2068,1.75789964199066,0.244998261332512,6.03264617467162e-05,1.07299092904835e-05,1.75795996189117,1.75795996189117,0.245008979652577,0.245008979652577
lcl|NC_000913.3_cds_NP_416606.1_2088,0.629145383834839,-0.201278656721115,2.53947736093285e-05,1.21459146885278e-05,0.629119992256165,0.629119992256165,-0.201266513529706,-0.201266513529706
lcl|NC_000913.3_cds_NP_416616.4_2098,1.11100876331329,0.0457271859049797,2.12206046995764e-05,1.40461932073337e-06,1.11102998256683,1.11102998256683,0.0457257790917495,0.0457257790917495
lcl|NC_000913.3_cds_NP_416617.1_2099,2.32545828819275,0.366489142179489,3.17121165232687e-05,2.53343175670043e-05,2.32548999786377,2.32548999786377,0.366514475912935,0.366514475912935
lcl|NC_000913.3_cds_NP_416623.2_2103,0.626385092735291,-0.203186050057411,4.01190914662898e-05,3.42760989739833e-07,0.626344978809357,0.626344978809357,-0.203186399815052,-0.203186399815052
lcl|NC_000913.3_cds_NP_416636.1_2117,1.24121034145355,0.0938415601849556,1.03718641772012e-05,1.93734473784029e-07,1.24119997024536,1.24119997024536,0.0938417565010134,0.0938417565010134
lcl|NC_000913.3_cds_NP_416651.1_2131,0.353486984968185,-0.451658397912979,1.49921534548293e-05,1.33825489252778e-05,0.353471994400024,0.353471994400024,-0.451644989672863,-0.451644989672863
lcl|NC_000913.3_cds_NP_416654.1_2134,0.412111192941666,-0.384984999895096,1.08195462867114e-05,1.08195462867114e-05,0.412122011184692,0.412122011184692,-0.384974189453164,-0.384974189453164
lcl|NC_000913.3_cds_NP_416655.1_2135,2.32063603401184,0.365607023239136,5.38864332345758e-05,1.01039426053991e-05,2.32068991661072,2.32068991661072,0.365617115250652,0.365617115250652
lcl|NC_000913.3_cds_NP_416656.1_2136,0.641358375549316,-0.192886278033257,7.63015755914897e-06,7.79417536264431e-06,0.641366004943848,0.641366004943848,-0.192894063204842,-0.192894063204842
lcl|NC_000913.3_cds_NP_416658.1_2138,0.948717892169952,-0.0228806603699923,3.98804114618845e-05,5.02953236415789e-07,0.948678016662598,0.948678016662598,-0.0228811630355758,-0.0228811630355758
lcl|NC_000913.3_cds_NP_416660.1_2140,1.34048104286194,0.127294808626175,8.894077590777e-05,5.32025306209502e-06,1.34056997299194,1.34056997299194,0.127289487540214,0.127289487540214
lcl|NC_000913.3_cds_NP_416674.1_2154,1.28235077857971,0.108010523021221,2.92100428018084e-05,6.20716819373414e-06,1.28237998485565,1.28237998485565,0.108016731012823,0.108016731012823
lcl|NC_000913.3_cds_NP_416678.1_2159,0.373535186052322,-0.4276462495327,8.04743207564378e-07,2.13109281244504e-05,0.373535990715027,0.373535990715027,-0.427667546951934,-0.427667546951934
lcl|NC_000913.3_cds_NP_416685.1_2166,0.228149369359016,-0.641787230968475,1.37104395895933e-06,3.87459517636174e-06,0.228147998452187,0.228147998452187,-0.64178333695042,-0.64178333695042
lcl|NC_000913.3_cds_NP_416688.1_2169,0.990558803081512,-0.00412563933059573,1.38296609542224e-05,1.62060377768769e-07,0.990544974803925,0.990544974803925,-0.00412580092731304,-0.00412580092731304
lcl|NC_000913.3_cds_NP_416689.1_2170,0.78639280796051,-0.104338601231575,4.32164041093487e-05,1.99689926782087e-06,0.786436021327972,0.786436021327972,-0.104336602620359,-0.104336602620359
lcl|NC_000913.3_cds_NP_416691.1_2172,0.917043387889862,-0.0375875905156136,4.26218562489008e-05,2.34346114361911e-06,0.917086005210876,0.917086005210876,-0.0375899338643194,-0.0375899338643194
lcl|NC_000913.3_cds_NP_416693.1_2174,0.865046560764313,-0.0629576146602631,7.45113890388903e-06,8.3454850130119e-07,0.86505401134491,0.86505401134491,-0.0629567756603272,-0.0629567756603272
lcl|NC_000913.3_cds_NP_416696.1_2176,0.462402790784836,-0.334963172674179,6.19950316108894e-06,1.05509274292859e-05,0.462408989667892,0.462408989667892,-0.334973731410172,-0.334973731410172
lcl|NC_000913.3_cds_NP_416710.1_2190,2.36302328109741,0.373444885015488,2.3367358444737e-05,1.88075943268368e-05,2.36299991607666,2.36299991607666,0.373463706208144,0.373463706208144
lcl|NC_000913.3_cds_NP_416713.1_2193,0.872559487819672,-0.0592014715075493,1.15047067375148e-05,2.24282615687291e-06,0.872570991516113,0.872570991516113,-0.0591992291602129,-0.0591992291602129
lcl|NC_000913.3_cds_NP_416714.1_2194,0.980312705039978,-0.00863159820437431,8.28569718895272e-06,9.96584087052853e-08,0.980320990085602,0.980320990085602,-0.00863169839157254,-0.00863169839157254
lcl|NC_000913.3_cds_NP_416718.1_2198,0.966757237911224,-0.0146987186744809,3.6243249566644e-05,1.28531385859428e-07,0.966720998287201,0.966720998287201,-0.0146988479311444,-0.0146988479311444
lcl|NC_000913.3_cds_NP_416719.1_2199,6.24843072891235,0.795835673809052,0.000109209722903928,5.71073506011347e-05,6.24853992462158,6.24853992462158,0.795778549062705,0.795778549062705
lcl|NC_000913.3_cds_NP_416720.1_2200,0.460288226604462,-0.33699905872345,7.21269380457322e-06,2.21157555619261e-05,0.460281014442444,0.460281014442444,-0.336976938408069,-0.336976938408069
lcl|NC_000913.3_cds_NP_416722.2_2202,0.378873378038406,-0.42151927947998,2.53947736093285e-05,1.57372003946113e-05,0.378847986459732,0.378847986459732,-0.421535016641427,-0.421535016641427
lcl|NC_000913.3_cds_NP_416723.1_2203,0.484961479902267,-0.314298778772354,6.52753781005731e-06,1.18623737567784e-05,0.48496800661087,0.48496800661087,-0.314286910904249,-0.314286910904249
lcl|NC_000913.3_cds_NP_416729.1_2209,0.339569717645645,-0.469094395637512,1.47239378687833e-05,4.53040619583049e-06,0.339554995298386,0.339554995298386,-0.469089876110012,-0.469089876110012
lcl|NC_000913.3_cds_NP_416730.1_2210,0.203734442591667,-0.690922498703003,5.43951002707367e-06,2.46188052232486e-05,0.203729003667831,0.203729003667831,-0.690947138715919,-0.690947138715919
lcl|NC_000913.3_cds_NP_416734.1_2214,2.49836277961731,0.397697329521179,0.000127331858450234,1.97007672540697e-05,2.49849009513855,2.49849009513855,0.397677632091514,0.397677632091514
lcl|NC_000913.3_cds_NP_416736.1_2216,0.40426641702652,-0.393340349197388,2.34269464788376e-05,1.71678547354361e-05,0.404242992401123,0.404242992401123,-0.39335749990122,-0.39335749990122
lcl|NC_000913.3_cds_NP_416745.1_2225,0.508794903755188,-0.293449014425278,1.90753939888128e-05,8.04725178265263e-06,0.508813977241516,0.508813977241516,-0.293440967022602,-0.293440967022602
lcl|NC_000913.3_cds_NP_416750.2_2231,0.966348171234131,-0.0148513000458479,3.38577008771525e-05,1.4436685721572e-07,0.966382026672363,0.966382026672363,-0.0148511559058917,-0.0148511559058917
lcl|NC_000913.3_cds_NP_416753.4_2234,0.977204322814941,-0.0100276796147227,2.83145599657397e-05,4.75952550394332e-07,0.977176010608673,0.977176010608673,-0.0100272033729373,-0.0100272033729373
lcl|NC_000913.3_cds_NP_416758.1_2239,0.663592159748077,-0.178084075450897,3.48729373418892e-05,8.13679600612163e-06,0.663627028465271,0.663627028465271,-0.178075934169261,-0.178075934169261
lcl|NC_000913.3_cds_NP_416764.1_2246,0.614908933639526,-0.211226761341095,3.99391818107877e-05,9.35870109822199e-06,0.614868998527527,0.614868998527527,-0.21121740337402,-0.21121740337402
lcl|NC_000913.3_cds_NP_416767.1_2249,0.746094644069672,-0.127197578549385,1.03718641772012e-05,2.4589028993529e-06,0.746105015277863,0.746105015277863,-0.127200040696395,-0.127200040696395
lcl|NC_000913.3_cds_NP_416768.4_2250,0.344697088003159,-0.462565332651138,1.60945035653053e-05,1.73465477662807e-05,0.344680994749069,0.344680994749069,-0.462582662351136,-0.462582662351136
lcl|NC_000913.3_cds_NP_416786.4_2268,2.21677565574646,0.345703274011612,7.55852878691949e-05,3.6659581074701e-06,2.21670007705688,2.21670007705688,0.345706936375365,0.345706936375365
lcl|NC_000913.3_cds_NP_416788.1_2270,1.45116531848907,0.161701172590256,2.52748974476688e-05,8.16647446919724e-06,1.45114004611969,1.45114004611969,0.161709327201375,0.161709327201375
lcl|NC_000913.3_cds_NP_416800.1_2282,4.16815137863159,0.619948744773865,0.000238436444924449,1.96125089137345e-05,4.16838979721069,4.16838979721069,0.619968324221936,0.619968324221936
lcl|NC_000913.3_cds_NP_416801.2_2283,0.708003401756287,-0.149979010224342,2.34269464788376e-05,2.98053029654257e-08,0.70797997713089,0.70797997713089,-0.149979024717761,-0.149979024717761
lcl|NC_000913.3_cds_NP_416805.1_2287,0.358304679393768,-0.445714980363846,1.63329489383945e-05,1.27562763142765e-05,0.358321011066437,0.358321011066437,-0.445727725122548,-0.445727725122548
lcl|NC_000913.3_cds_NP_416812.1_2294,1.06640636920929,0.0279236733913422,3.57663640321586e-06,5.14125543437712e-07,1.06640994548798,1.06640994548798,0.0279241867156366,0.0279241867156366
lcl|NC_000913.3_cds_NP_416817.2_2299,0.612137377262115,-0.213134989142418,1.85985094832668e-05,2.92091980559213e-06,0.612155973911285,0.612155973911285,-0.213137907954847,-0.213137907954847
lcl|NC_000913.3_cds_NP_416826.1_2308,3.46215391159058,0.539329469203949,0.000116124251074991,3.14744007892226e-05,3.4622700214386,3.4622700214386,0.53936093536138,0.53936093536138
lcl|NC_000913.3_cds_NP_416827.4_2309,0.233753830194473,-0.631283521652222,1.08343495879114e-05,2.21157555619261e-05,0.233742997050285,0.233742997050285,-0.631261391740908,-0.631261391740908
lcl|NC_000913.3_cds_NP_416832.1_2314,1.17073822021484,0.0684507563710213,2.8256063416462e-05,1.43808834218935e-06,1.17070996761322,1.17070996761322,0.0684493160232598,0.0684493160232598
lcl|NC_000913.3_cds_NP_416839.1_2321,0.927449107170105,-0.0327136516571045,5.12651212624536e-06,1.3375563415454e-06,0.927443981170654,0.927443981170654,-0.0327123128753903,-0.0327123128753903
lcl|NC_000913.3_cds_NP_416841.1_2323,2.09773254394531,0.321775496006012,8.75101644250513e-05,7.27239785434636e-06,2.09782004356384,2.09782004356384,0.321768230549989,0.321768230549989
lcl|NC_000913.3_cds_NP_416860.4_2342,1.3452056646347,0.128779321908951,4.56615735637835e-05,5.37991510122625e-06,1.34516000747681,1.34516000747681,0.128773946963794,0.128773946963794
lcl|NC_000913.3_cds_NP_416861.1_2343,1.51600813865662,0.18068028986454,4.81637848360416e-05,7.45113890388903e-06,1.51595997810364,1.51595997810364,0.18068773591465,0.18068773591465
lcl|NC_000913.3_cds_NP_416880.1_2365,1.05991685390472,0.0252765472978354,1.31143335739915e-05,6.24049715793558e-07,1.05992996692657,1.05992996692657,0.0252771709420097,0.0252771709420097
lcl|NC_000913.3_cds_NP_416899.1_2383,2.57203221321106,0.410277724266052,1.21605635569566e-05,3.36790207716099e-06,2.57202005386353,2.57202005386353,0.410274350429602,0.410274350429602
lcl|NC_000913.3_cds_NP_416907.1_2392,1.12154853343964,0.0498054400086403,2.84936367482156e-05,1.60201898733766e-06,1.12152004241943,1.12152004241943,0.0498070391623099,0.0498070391623099
lcl|NC_000913.3_cds_NP_416909.1_2394,1.39748823642731,0.145365506410599,4.17268194861225e-05,4.38129398851649e-06,1.39752995967865,1.39752995967865,0.145361126886654,0.145361126886654
