GeneID,Mean,Mean.log10,Std.Dev,log10.Std.Dev,0.025,0.975,log10.0.025,log10.0.975
lcl|NC_001133.9_cds_NP_009382.2_51,0.0805126801133156,-1.09419322013855,8.19645848374467e-07,6.19935228217878e-05,0.0805134996771812,0.0805134996771812,-1.09413129548592,-1.09413129548592
lcl|NC_001134.8_cds_NP_009498.1_149,0.34164559841156,-0.466445952653885,1.06103023497882e-05,8.28569718895272e-06,0.34163498878479,0.34163498878479,-0.466437657134055,-0.466437657134055
lcl|NC_001134.8_cds_NP_009530.1_182,1.01139032840729,0.00492287473753095,9.65655930330488e-06,6.79909862607914e-08,1.01139998435974,1.01139998435974,0.00492294258060901,0.00492294258060901
lcl|NC_001134.8_cds_NP_009565.1_217,6.15624237060547,0.78930675983429,9.25125004926149e-05,2.44403487799535e-06,6.15614986419678,6.15614986419678,0.789309183674301,0.789309183674301
lcl|NC_001134.8_cds_NP_009575.1_226,1.2643176317215,0.101875223219395,7.23697993415623e-05,5.82711618467838e-06,1.26438999176025,1.26438999176025,0.101881049536652,0.101881049536652
lcl|NC_001134.8_cds_NP_009576.1_227,1.2823805809021,0.108037672936916,6.93861910651228e-05,2.75695424846413e-06,1.28244996070862,1.28244996070862,0.108040428589241,0.108040428589241
lcl|NC_001134.8_cds_NP_009590.1_241,2.1055588722229,0.323373466730118,0.000111113397858716,1.68401631539485e-05,2.10566997528076,2.10566997528076,0.323390304576977,0.323390304576977
lcl|NC_001134.8_cds_NP_009591.1_242,1.69335901737213,0.228756487369537,9.06081239166099e-06,9.76149823831029e-06,1.69334995746613,1.69334995746613,0.22874672118652,0.22874672118652
lcl|NC_001134.8_cds_NP_009602.1_253,0.672104239463806,-0.172589600086212,2.62286671479829e-05,9.28427510385999e-06,0.672078013420105,0.672078013420105,-0.172580312018521,-0.172580312018521
lcl|NC_001134.8_cds_NP_009604.1_255,8.18601608276367,0.91308319568634,0.00012589760315689,1.7286730264683e-05,8.18589019775391,8.18589019775391,0.913065914896424,0.913065914896424
lcl|NC_001134.8_cds_NP_009633.3_284,0.370695829391479,-0.43101704120636,1.68401631539485e-05,1.50215807844116e-05,0.37067899107933,0.37067899107933,-0.43100202771976,-0.43100202771976
lcl|NC_001134.8_cds_NP_009638.1_289,2.76344013214111,0.441413342952728,9.01326048244363e-05,2.25621135898999e-05,2.76335000991821,2.76335000991821,0.441435896769189,0.441435896769189
lcl|NC_001134.8_cds_NP_009655.2_306,0.392668396234512,-0.406005829572678,2.84049640400231e-05,3.57663640321586e-07,0.392639994621277,0.392639994621277,-0.406005464902432,-0.406005464902432
lcl|NC_001134.8_cds_NP_009676.1_324,11.4294109344482,1.05806040763855,0.000611365652111707,5.98507805897822e-05,11.4287996292114,11.4287996292114,1.0580006186905,1.0580006186905
lcl|NC_001134.8_cds_NP_009685.3_333,3.50481557846069,0.544676542282104,1.43065456128634e-05,9.59714641363887e-06,3.50482988357544,3.50482988357544,0.544666943153623,0.544666943153623
lcl|NC_001134.8_cds_NP_009726.3_373,0.364992290735245,-0.437721282243729,1.07004507323632e-05,1.77048817849455e-05,0.365002989768982,0.365002989768982,-0.437703578187763,-0.437703578187763
lcl|NC_001134.8_cds_NP_009807.3_455,0.835268974304199,-0.0781480148434639,5.00139800424195e-05,3.65114975699016e-07,0.835318982601166,0.835318982601166,-0.0781476491517082,-0.0781476491517082
lcl|NC_001134.8_cds_NP_009811.3_459,1.37365174293518,0.137883991003036,4.82854326547537e-05,7.91349170400204e-06,1.37370002269745,1.37370002269745,0.137891905423145,0.137891905423145
lcl|NC_001135.5_cds_NP_009913.2_561,0.249257549643517,-0.603349506855011,1.05509274292859e-05,2.05663334708388e-05,0.249246999621391,0.249246999621391,-0.603370060922891,-0.603370060922891
lcl|NC_001135.5_cds_NP_009958.2_606,2.49389910697937,0.396858066320419,1.90753939888128e-05,1.74958749662566e-05,2.49388003349304,2.49388003349304,0.396875558186188,0.396875558186188
lcl|NC_001136.10_cds_NP_010080.1_723,1.08736729621887,0.036361675709486,3.73174331973285e-05,3.12955685281388e-07,1.08732998371124,1.08732998371124,0.0363613641017333,0.0363613641017333
lcl|NC_001136.10_cds_NP_010116.1_756,0.334960967302322,-0.474998980760574,2.98053029654257e-08,6.76599408726259e-06,0.334960997104645,0.334960997104645,-0.47500575931649,-0.47500575931649
lcl|NC_001136.10_cds_NP_010172.1_808,0.291138380765915,-0.53588879108429,6.61658200150414e-06,1.90753938978724e-06,0.291144996881485,0.291144996881485,-0.535890668531853,-0.535890668531853
lcl|NC_001136.10_cds_NP_010181.2_817,1.02714908123016,0.0116121880710125,4.91175591466525e-05,5.28122800371536e-07,1.02709996700287,1.02709996700287,0.0116127152670605,0.0116127152670605
lcl|NC_001136.10_cds_NP_010217.1_850,2.6819212436676,0.428466647863388,0.000108729745126135,3.0102365522526e-06,2.68202996253967,2.68202996253967,0.428463625302664,0.428463625302664
lcl|NC_001136.10_cds_NP_010219.1_852,0.906955540180206,-0.0424148850142956,3.45741523855561e-06,2.53717115343565e-06,0.906958997249603,0.906958997249603,-0.0424123465350083,-0.0424123465350083
lcl|NC_001136.10_cds_NP_010223.1_855,1.08887588977814,0.0369873717427254,2.40818924180208e-05,6.14725724838224e-07,1.08889997005463,1.08889997005463,0.0369879858635589,0.0369879858635589
lcl|NC_001136.10_cds_NP_010277.1_902,0.842821598052979,-0.074246771633625,4.14303976416533e-05,3.77773068296539e-06,0.842863023281097,0.842863023281097,-0.074242998408153,-0.074242998408153
lcl|NC_001136.10_cds_NP_010285.1_910,4.1835823059082,0.621565759181976,8.25009945334187e-05,2.5989439642501e-05,4.18349981307983,4.18349981307983,0.621539753917309,0.621539753917309
lcl|NC_001136.10_cds_NP_010292.1_917,0.431669473648071,-0.364835947751999,2.85246049814678e-05,1.5975194142567e-05,0.431697994470596,0.431697994470596,-0.364819968930891,-0.364819968930891
lcl|NC_001136.10_cds_NP_010308.3_932,7.46872425079346,0.87326180934906,0.000164048388039851,2.49169705748583e-05,7.46856021881104,7.46856021881104,0.873236887050617,0.873236887050617
lcl|NC_001136.10_cds_NP_010329.1_955,4.23650789260864,0.627016723155975,0.000232248502149982,1.50816154366791e-05,4.23674011230469,4.23674011230469,0.627031824573646,0.627031824573646
lcl|NC_001136.10_cds_NP_010377.3_1002,0.434819877147675,-0.361692160367966,1.11175969884712e-05,1.26671587835022e-05,0.434830993413925,0.434830993413925,-0.361679508309459,-0.361679508309459
lcl|NC_001136.10_cds_NP_010386.1_1011,1.77932322025299,0.250256448984146,6.67638807276863e-05,1.46943630761172e-05,1.77938997745514,1.77938997745514,0.250271140043539,0.250271140043539
lcl|NC_001136.10_cds_NP_010475.1_1098,1.17448401451111,0.0698632970452309,4.60188269500591e-05,8.27072750188017e-07,1.17453002929688,1.17453002929688,0.0698641248949866,0.0698641248949866
lcl|NC_001136.10_cds_NP_010476.1_1099,1.31994545459747,0.120569124817848,4.45893439844008e-05,1.53492372333289e-06,1.31999003887177,1.31999003887177,0.12057065387301,0.12057065387301
lcl|NC_001136.10_cds_NP_010540.3_1162,0.094962477684021,-1.02246332168579,6.87768145474772e-06,1.60945035653053e-05,0.09495560079813,0.09495560079813,-1.02247941403402,-1.02247941403402
lcl|NC_001136.10_cds_NP_010542.1_1164,0.834292888641357,-0.0786512866616249,5.60939661115727e-05,9.76100869947491e-07,0.834348976612091,0.834348976612091,-0.0786522624115339,-0.0786522624115339
lcl|NC_001136.10_cds_NP_010566.1_1190,0.3422572016716,-0.465662121772766,9.21006964300194e-06,3.04014088923914e-06,0.342247992753983,0.342247992753983,-0.465659090274836,-0.465659090274836
lcl|NC_001136.10_cds_NP_010587.1_1210,0.683665990829468,-0.165142208337784,4.0000159861269e-05,1.15941214744587e-05,0.683705985546112,0.683705985546112,-0.16513061802556,-0.16513061802556
lcl|NC_001136.10_cds_NP_010608.1_1234,0.670414626598358,-0.173644945025444,2.03867477365529e-05,1.63929169674893e-06,0.670435011386871,0.670435011386871,-0.173643314104672,-0.173643314104672
lcl|NC_001136.10_cds_NP_010666.2_1291,0.573420882225037,-0.241526201367378,4.1130043475017e-06,2.81664390076363e-06,0.573424994945526,0.573424994945526,-0.241523380572771,-0.241523380572771
lcl|NC_001136.10_cds_NP_010673.1_1300,9.905930519104,0.995895385742188,0.000590366744670552,2.5989439642501e-05,9.90534019470215,9.90534019470215,0.995869395790242,0.995869395790242
lcl|NC_001136.10_cds_NP_010682.3_1309,1.72946500778198,0.237904563546181,6.49773912002266e-05,9.09057052411635e-06,1.72940003871918,1.72940003871918,0.237895464362933,0.237895464362933
lcl|NC_001136.10_cds_NP_010687.3_1313,2.31638479232788,0.364778250455856,9.48989900542275e-05,1.46638324298804e-05,2.3162899017334,2.3162899017334,0.3647929137963,0.3647929137963
lcl|NC_001136.10_cds_NP_010692.3_1317,0.609926044940948,-0.214720755815506,1.19815957701826e-05,6.45306657844515e-06,0.609938025474548,0.609938025474548,-0.214714290500338,-0.214714290500338
lcl|NC_001136.10_cds_NP_010707.3_1330,0.130305558443069,-0.885039150714874,3.56170459352695e-06,9.77613951198138e-06,0.130301997065544,0.130301997065544,-0.88504892804874,-0.88504892804874
lcl|NC_001136.10_cds_NP_010712.1_1335,0.65715491771698,-0.182356983423233,2.69432166172879e-05,6.94458736616977e-06,0.657127976417542,0.657127976417542,-0.182350042861041,-0.182350042861041
lcl|NC_001136.10_cds_NP_010828.1_1440,0.829282701015472,-0.0813275128602982,5.2697216555027e-05,2.52598565134977e-06,0.829230010509491,0.829230010509491,-0.0813249888227215,-0.0813249888227215
lcl|NC_001137.3_cds_NP_010858.3_1466,0.448087066411972,-0.348635047674179,9.06081239166099e-06,1.13256214141562e-05,0.448078006505966,0.448078006505966,-0.348646372506305,-0.348646372506305
lcl|NC_001137.3_cds_NP_010880.3_1487,10.8713150024414,1.03628718852997,0.000285184525658119,6.31872436191719e-06,10.871600151062,10.871600151062,1.0362934710073,1.0362934710073
lcl|NC_001137.3_cds_NP_010882.1_1489,1.25289785861969,0.0979002863168716,4.78091420385953e-05,1.1922121243008e-06,1.25285005569458,1.25285005569458,0.0978990966277138,0.0978990966277138
lcl|NC_001137.3_cds_NP_010914.3_1521,1.05145013332367,0.021797152236104,1.99096291985254e-05,2.49612408477609e-07,1.05147004127502,1.05147004127502,0.0217969031808802,0.0217969031808802
lcl|NC_001137.3_cds_NP_010925.1_1532,2.84954261779785,0.454746037721634,0.000142592262829059,7.39171524635082e-06,2.84940004348755,2.84940004348755,0.454753426593865,0.454753426593865
lcl|NC_001137.3_cds_NP_010926.3_1533,0.256723582744598,-0.59055507183075,9.41812698453153e-06,3.67187909260506e-05,0.256733000278473,0.256733000278473,-0.590518303834593,-0.590518303834593
lcl|NC_001137.3_cds_NP_010942.1_1550,2.86133193969727,0.456563532352448,3.81507879776256e-05,1.04914668195101e-05,2.86137008666992,2.86137008666992,0.456574032640641,0.456574032640641
lcl|NC_001137.3_cds_NP_010946.3_1554,0.207090705633163,-0.683838844299316,4.70906349226577e-06,1.04317048715306e-05,0.207085996866226,0.207085996866226,-0.683849267061822,-0.683849267061822
lcl|NC_001137.3_cds_NP_010969.1_1578,1.94783163070679,0.289542675018311,7.16532000700571e-05,7.24280914040072e-06,1.94775998592377,1.94775998592377,0.289535439600631,0.289535439600631
lcl|NC_001137.3_cds_NP_010990.1_1599,0.828109860420227,-0.0819379016757011,4.48877738037686e-05,2.31743608893012e-06,0.828064978122711,0.828064978122711,-0.0819355828613594,-0.0819355828613594
lcl|NC_001137.3_cds_NP_010994.3_1603,0.298308312892914,-0.525367200374603,1.31143335243876e-06,3.06396319837436e-05,0.298307001590729,0.298307001590729,-0.52533655315308,-0.52533655315308
lcl|NC_001137.3_cds_NP_011052.1_1660,2.20934104919434,0.344267249107361,7.89262674775629e-05,1.10278169938565e-05,2.20941996574402,2.20941996574402,0.344278274255282,0.344278274255282
lcl|NC_001137.3_cds_NP_011062.1_1670,1.45748686790466,0.16357809305191,6.68852360087252e-05,6.6315841335776e-06,1.45741999149323,1.45741999149323,0.163584722465874,0.163584722465874
lcl|NC_001137.3_cds_NP_011073.1_1683,0.422474265098572,-0.374236136674881,1.82709185995079e-05,1.76154683831746e-05,0.422455996274948,0.422455996274948,-0.374218521200048,-0.374218521200048
lcl|NC_001137.3_cds_NP_011075.3_1685,0.968458473682404,-0.0139125473797321,1.45447957086927e-05,7.17163885274426e-08,0.968473017215729,0.968473017215729,-0.0139124747255199,-0.0139124747255199
lcl|NC_001137.3_cds_NP_011090.3_1701,0.178287863731384,-0.748832523822784,9.13545929975396e-06,2.34269464788376e-05,0.178296998143196,0.178296998143196,-0.748855968663232,-0.748855968663232
lcl|NC_001137.3_cds_NP_011091.1_1702,0.802489459514618,-0.0955728739500046,9.47792410710664e-06,7.07863999143492e-06,0.802479982376099,0.802479982376099,-0.0955657921343417,-0.0955657921343417
lcl|NC_001137.3_cds_NP_011099.1_1710,0.29418095946312,-0.531417667865753,1.19522855096488e-05,1.46050214009042e-05,0.294169008731842,0.294169008731842,-0.531403082953515,-0.531403082953515
lcl|NC_001137.3_cds_NP_011102.3_1713,0.479652881622314,-0.319084316492081,1.19221211861703e-07,1.1475004395575e-05,0.479653000831604,0.479653000831604,-0.319072834128376,-0.319072834128376
lcl|NC_001138.5_cds_NP_116635.1_1780,1.88313126564026,0.274866074323654,7.12961314145297e-05,1.90753938978724e-06,1.88305997848511,1.88305997848511,0.274864153213834,0.274864153213834
lcl|NC_001138.5_cds_NP_116637.1_1782,0.38156720995903,-0.418450981378555,6.19950316108894e-06,1.49626951474456e-05,0.381561011075974,0.381561011075974,-0.41843600907183,-0.41843600907183
lcl|NC_001138.5_cds_NP_116659.1_1804,1.24267387390137,0.0943541303277016,1.38296609542224e-05,1.79575493861779e-06,1.24266004562378,1.24266004562378,0.0943523349949657,0.0943523349949657
lcl|NC_001138.5_cds_NP_116660.1_1805,0.151310041546822,-0.820083200931549,3.96401456540859e-06,3.76725079381261e-05,0.151314005255699,0.151314005255699,-0.820120872877191,-0.820120872877191
lcl|NC_001138.5_cds_NP_116665.1_1810,1.4173675775528,0.151472568511963,4.75706752674974e-05,4.63487217786025e-06,1.41732001304626,1.41732001304626,0.151467919555147,0.151467919555147
lcl|NC_001138.5_cds_NP_116701.3_1847,0.206066995859146,-0.685980439186096,1.00000399653172e-05,9.9548145992627e-06,0.206076994538307,0.206076994538307,-0.685970488098168,-0.685970488098168
lcl|NC_001138.5_cds_NP_116702.1_1848,2.76005506515503,0.440925061702728,0.00018502500098523,2.17875589631347e-05,2.76024007797241,2.76024007797241,0.440946857429056,0.440946857429056
lcl|NC_001139.9_cds_NP_011261.1_1872,6.10885763168335,0.785901606082916,0.000377680127135932,3.15342265685417e-05,6.10847997665405,6.10847997665405,0.785933154615966,0.785933154615966
lcl|NC_001139.9_cds_NP_011266.1_1877,0.183410376310349,-0.736573278903961,3.38299704363129e-06,1.08487412601519e-05,0.183406993746758,0.183406993746758,-0.73658410766429,-0.73658410766429
lcl|NC_001139.9_cds_NP_011274.2_1885,0.216674566268921,-0.664232492446899,3.56170459352695e-06,3.33223283650795e-05,0.216671004891396,0.216671004891396,-0.664199202469733,-0.664199202469733
lcl|NC_001139.9_cds_NP_011302.1_1909,0.805116653442383,-0.0941705107688904,4.56615735637835e-05,4.68692228723821e-06,0.805070996284485,0.805070996284485,-0.0941658190917472,-0.0941658190917472
lcl|NC_001139.9_cds_NP_011305.1_1912,0.662593841552734,-0.178768679499626,1.68702616421267e-05,5.02221084632521e-06,0.662576973438263,0.662576973438263,-0.178763661243778,-0.178763661243778
lcl|NC_001139.9_cds_NP_011359.1_1963,0.885434091091156,-0.0528557375073433,2.11018548585719e-05,1.62813979239397e-06,0.885412991046906,0.885412991046906,-0.0528541102105762,-0.0528541102105762
lcl|NC_001139.9_cds_NP_011385.3_1987,0.44556200504303,-0.351074695587158,1.29947198212505e-05,4.50051668005613e-06,0.445574998855591,0.445574998855591,-0.351079185347049,-0.351079185347049
lcl|NC_001139.9_cds_NP_011404.1_2006,0.261795371770859,-0.58203536272049,6.37813815713826e-06,1.3293041124781e-05,0.261788994073868,0.261788994073868,-0.582048615667083,-0.582048615667083
lcl|NC_001139.9_cds_NP_011421.1_2021,0.47645765542984,-0.321992337703705,1.46638324298804e-05,3.27858339349787e-06,0.476442992687225,0.476442992687225,-0.321989056080168,-0.321989056080168
lcl|NC_001139.9_cds_NP_011457.1_2054,1.09828186035156,0.040711410343647,1.90753938978724e-06,1.64678801734459e-06,1.09827995300293,1.09827995300293,0.0407130564595525,0.0407130564595525
lcl|NC_001139.9_cds_NP_011488.1_2083,0.751217305660248,-0.124247170984745,1.93131186066098e-05,1.58717335058303e-06,0.751197993755341,0.751197993755341,-0.124245580622335,-0.124245580622335
lcl|NC_001139.9_cds_NP_011519.3_2115,1.09229457378387,0.0383555814623833,3.54097635698911e-05,1.72504222311883e-06,1.09232997894287,1.09232997894287,0.0383538530079944,0.0383538530079944
lcl|NC_001139.9_cds_NP_011544.1_2140,0.571028113365173,-0.243359446525574,2.11018548585719e-05,8.64353809638902e-07,0.571007013320923,0.571007013320923,-0.243358557554727,-0.243358557554727
lcl|NC_001139.9_cds_NP_011609.2_2205,0.378635704517365,-0.421780169010162,1.37100527316941e-05,1.40088951005126e-05,0.378621995449066,0.378621995449066,-0.421794159984789,-0.421794159984789
lcl|NC_001139.9_cds_NP_011618.3_2214,0.274655491113663,-0.56125807762146,1.04914668195101e-05,2.98045556155561e-05,0.274645000696182,0.274645000696182,-0.561228301939626,-0.561228301939626
lcl|NC_001139.9_cds_NP_011631.1_2225,1.34085762500763,0.127404808998108,8.23803011491254e-05,4.54528526205818e-06,1.34093999862671,1.34093999862671,0.127409345451661,0.127409345451661
lcl|NC_001139.9_cds_NP_011674.3_2266,0.603692531585693,-0.219192817807198,2.1519660404905e-05,6.87028223644047e-06,0.603671014308929,0.603671014308929,-0.219199676602879,-0.219199676602879
lcl|NC_001139.9_cds_NP_011708.3_2303,15.7843313217163,1.19824159145355,0.000168814838868575,1.07299092904835e-05,15.7845001220703,15.7845001220703,1.19823083281271,1.19823083281271
lcl|NC_001139.9_cds_NP_011711.3_2306,0.670092344284058,-0.173889175057411,3.73752269505006e-05,3.87468947568059e-07,0.670054972171783,0.670054972171783,-0.173889565759613,-0.173889565759613
lcl|NC_001139.9_cds_NP_011716.3_2311,0.923512399196625,-0.0345656797289848,1.93739057684231e-05,7.00424623050906e-07,0.923493027687073,0.923493027687073,-0.0345663791067513,-0.0345663791067513
lcl|NC_001139.9_cds_NP_011736.1_2331,0.699476361274719,-0.155212491750717,2.06252486333547e-05,1.66909700260238e-06,0.699496984481812,0.699496984481812,-0.155214153403365,-0.155214153403365
lcl|NC_001139.9_cds_NP_011750.1_2343,1.90957283973694,0.280925661325455,1.287589132103e-05,7.63015755914897e-06,1.90955996513367,1.90955996513367,0.280933300896167,0.280933300896167
lcl|NC_001140.6_cds_NP_011848.1_2436,9.87372016906738,0.994466304779053,0.000499763645413116,7.45113890388903e-06,9.87322044372559,9.87322044372559,0.994458833805771,0.994458833805771
lcl|NC_001140.6_cds_NP_011877.1_2468,1.00931453704834,0.00403770338743925,2.5512552628553e-05,1.97924355992221e-07,1.0093400478363,1.0093400478363,0.00403750520535687,0.00403750520535687
lcl|NC_001140.6_cds_NP_011889.1_2481,0.677002251148224,-0.169415414333344,5.72261824514537e-06,9.19481265010019e-06,0.677007973194122,0.677007973194122,-0.169406216552935,-0.169406216552935
lcl|NC_001140.6_cds_NP_011894.1_2486,0.711422264575958,-0.147887110710144,1.62735920122433e-05,4.61973943090305e-06,0.711405992507935,0.711405992507935,-0.147882480867743,-0.147882480867743
lcl|NC_001140.6_cds_NP_011902.1_2494,1.03789389133453,0.0161354504525661,4.38734066866987e-05,8.51304518898355e-07,1.03785002231598,1.03785002231598,0.0161345989974287,0.0161345989974287
lcl|NC_001140.6_cds_NP_011907.1_2499,0.116754822432995,-0.932778239250183,5.81955628935695e-06,3.1415842886124e-05,0.116749003529549,0.116749003529549,-0.9327468175153,-0.9327468175153
lcl|NC_001140.6_cds_NP_011908.1_2500,1.82095921039581,0.260328114032745,7.08195271397822e-05,1.09983907662992e-05,1.82103002071381,1.82103002071381,0.260317105445046,0.260317105445046
lcl|NC_001140.6_cds_NP_011929.1_2521,0.275183379650116,-0.560369670391083,8.61368362205034e-06,5.42437063007596e-06,0.275191992521286,0.275191992521286,-0.56036420726216,-0.56036420726216
lcl|NC_001140.6_cds_NP_011933.1_2525,1.00785267353058,0.00341729540377855,4.7331619262251e-05,1.49491529796194e-07,1.00789999961853,1.00789999961853,0.00341744503782201,0.00341744503782201
lcl|NC_001140.6_cds_NP_011936.1_2528,0.43350014090538,-0.363011240959167,5.87176216489757e-06,6.37813815713826e-06,0.433506011962891,0.433506011962891,-0.363004875248431,-0.363004875248431
lcl|NC_001140.6_cds_NP_011956.1_2550,0.837845623493195,-0.0768452063202858,2.26512428283125e-05,2.52598565134977e-06,0.83782297372818,0.83782297372818,-0.0768477351342853,-0.0768477351342853
lcl|NC_001140.6_cds_NP_012017.1_2610,0.384495168924332,-0.415136814117432,1.71678547354361e-05,8.31589394923327e-06,0.384478002786636,0.384478002786636,-0.415128502524871,-0.415128502524871
lcl|NC_001140.6_cds_NP_012041.1_2634,0.510821640491486,-0.291737854480743,9.35870109822199e-06,1.51109227318616e-05,0.510830998420715,0.510830998420715,-0.291722756603239,-0.291722756603239
lcl|NC_001140.6_cds_NP_012061.3_2655,0.166428774595261,-0.778796553611755,1.77336773829459e-06,2.03276697468111e-05,0.166427001357079,0.166427001357079,-0.778776211764849,-0.778776211764849
lcl|NC_001140.6_cds_NP_012071.1_2666,0.51001101732254,-0.292400449514389,9.9548145992627e-06,1.15344721596067e-05,0.510020971298218,0.510020971298218,-0.292411965996487,-0.292411965996487
lcl|NC_001140.6_cds_NP_012073.1_2668,8.07413864135742,0.907058417797089,0.000248941009182972,2.43814578078699e-05,8.07388973236084,8.07388973236084,0.907082813819127,0.907082813819127
lcl|NC_001141.2_cds_NP_012104.1_2700,2.70920610427856,0.432859510183334,3.38577008771525e-05,1.20409462090104e-05,2.7092399597168,2.7092399597168,0.43284747257308,0.43284747257308
lcl|NC_001141.2_cds_NP_012106.1_2702,0.850362479686737,-0.0703839510679245,2.05060485049814e-05,1.49026519629917e-06,0.85038298368454,0.85038298368454,-0.0703854387080013,-0.0703854387080013
lcl|NC_001141.2_cds_NP_012124.1_2721,1.39076840877533,0.14328907430172,9.1561891922326e-05,5.66281070707812e-06,1.3908599615097,1.3908599615097,0.143283405329783,0.143283405329783
lcl|NC_001141.2_cds_NP_012157.3_2754,1.72121524810791,0.235837325453758,1.52603151182979e-05,5.97614275482441e-06,1.72119998931885,1.72119998931885,0.235831334715441,0.235831334715441
lcl|NC_001141.2_cds_NP_012194.1_2792,1.34653127193451,0.129188656806946,9.1323147127567e-05,1.65414550037603e-06,1.34643995761871,1.34643995761871,0.129186991497046,0.129186991497046
lcl|NC_001141.2_cds_NP_012229.1_2826,0.61547726392746,-0.210804119706154,1.3293041124781e-05,6.75074845611315e-06,0.615463972091675,0.615463972091675,-0.210797364633126,-0.210797364633126
lcl|NC_001141.2_cds_NP_012243.3_2837,0.75342208147049,-0.122948631644249,2.39045710192977e-05,7.52559138063151e-07,0.753445982933044,0.753445982933044,-0.122947878259802,-0.122947878259802
lcl|NC_001141.2_cds_NP_012244.3_2838,0.735351622104645,-0.133502602577209,1.37104395895933e-06,1.53492372333289e-06,0.735352993011475,0.735352993011475,-0.133504135587931,-0.133504135587931
lcl|NC_001141.2_cds_NP_012256.1_2850,0.157650083303452,-0.802293598651886,4.08323723459862e-06,2.34269464788376e-05,0.157646000385284,0.157646000385284,-0.802317043201108,-0.802317043201108
lcl|NC_001142.9_cds_NP_012318.1_2911,0.41296523809433,-0.384064108133316,2.77179513694219e-06,1.94933061516574e-05,0.412968009710312,0.412968009710312,-0.384083589371168,-0.384083589371168
lcl|NC_001142.9_cds_NP_012382.2_2967,1.08593821525574,0.0358112864196301,1.18025039729979e-05,1.44926518430733e-06,1.0859500169754,1.0859500169754,0.0358098364394525,0.0358098364394525
lcl|NC_001142.9_cds_NP_012410.1_2994,0.308847993612289,-0.510247826576233,2.00000799306345e-05,2.07437283544024e-05,0.308867990970612,0.308867990970612,-0.510227096765339,-0.510227096765339
lcl|NC_001142.9_cds_NP_012434.1_3016,0.323964953422546,-0.489508241415024,1.99695909053939e-05,2.05060485049814e-05,0.323944985866547,0.323944985866547,-0.489528737828064,-0.489528737828064
lcl|NC_001142.9_cds_NP_012436.1_3018,0.136696249246597,-0.86425769329071,4.24722898029884e-06,8.3454850130119e-07,0.136692002415657,0.136692002415657,-0.864256894417949,-0.864256894417949
lcl|NC_001142.9_cds_NP_012439.2_3021,1.00424516201019,0.00185046275146306,2.47980126443558e-05,8.49887328259892e-09,1.00426995754242,1.00426995754242,0.00185047108772373,0.00185047108772373
lcl|NC_001142.9_cds_NP_012485.1_3067,1.35940325260162,0.133361905813217,4.67347168894741e-05,1.32628779372352e-06,1.35944998264313,1.35944998264313,0.133363233503739,0.133363233503739
lcl|NC_001142.9_cds_NP_012532.3_3108,0.858711838722229,-0.0661310255527496,4.61378886384266e-05,1.8031734511433e-06,0.858757972717285,0.858757972717285,-0.066129217919526,-0.066129217919526
lcl|NC_001142.9_cds_NP_012542.1_3119,14.6258220672607,1.16507983207703,0.000678127405753658,6.05628893665417e-05,14.6265001296997,14.6265001296997,1.16514041934498,1.16514041934498
lcl|NC_001142.9_cds_NP_012543.3_3120,2.52830505371094,0.402830213308334,5.50797170565686e-05,1.01933738682764e-05,2.52824997901917,2.52824997901917,0.402820012308653,0.402820012308653
lcl|NC_001142.9_cds_NP_012585.1_3157,0.970263361930847,-0.0130881397053599,4.96573455498732e-05,5.58849438002478e-09,0.970313012599945,0.970313012599945,-0.0130881443768207,-0.0130881443768207
lcl|NC_001142.9_cds_NP_012596.3_3168,0.214358881115913,-0.668874144554138,8.12217390002832e-06,3.20704943088983e-05,0.214367002248764,0.214367002248764,-0.668842065267485,-0.668842065267485
lcl|NC_001142.9_cds_NP_012608.1_3179,0.619449317455292,-0.207993537187576,1.66909701819216e-05,1.10130966966077e-05,0.619466006755829,0.619466006755829,-0.207982520576732,-0.207982520576732
lcl|NC_001142.9_cds_NP_012655.3_3225,3.70918750762939,0.569319188594818,0.000192425054473903,1.78240328536324e-05,3.70937991142273,3.70937991142273,0.569301315664812,0.569301315664812
lcl|NC_001142.9_cds_NP_012673.3_3244,4.14043235778809,0.617005348205566,0.000272294946006474,1.18025039729979e-05,4.14016008377075,4.14016008377075,0.617017133911759,0.617017133911759
lcl|NC_001142.9_cds_NP_012679.3_3250,7.80436038970947,0.892313063144684,0.000310454418521993,6.97424913053394e-06,7.80404996871948,7.80404996871948,0.892320041484867,0.892320041484867
lcl|NC_001143.9_cds_NP_012710.1_3278,1.43311214447021,0.156294792890549,2.78969965221358e-05,6.15470130581215e-06,1.43314003944397,1.43314003944397,0.156288629606159,0.156288629606159
lcl|NC_001143.9_cds_NP_012727.1_3293,0.749565839767456,-0.125177174806595,3.41565120922587e-05,6.75074845611315e-06,0.749599993228912,0.749599993228912,-0.125170426043232,-0.125170426043232
lcl|NC_001143.9_cds_NP_012735.1_3301,0.219284370541573,-0.658992528915405,3.36790207716099e-06,6.43794566051502e-06,0.219281002879143,0.219281002879143,-0.658998991223202,-0.658998991223202
lcl|NC_001143.9_cds_NP_012739.1_3306,3.16601252555847,0.500493288040161,3.24281708166321e-05,1.49022778077781e-05,3.16598010063171,3.16598010063171,0.50050818083177,0.50050818083177
lcl|NC_001143.9_cds_NP_012819.1_3376,1.24508512020111,0.0951842293143272,4.50663024122182e-05,9.01586725571652e-07,1.24504005908966,1.24504005908966,0.0951833250556153,0.0951833250556153
lcl|NC_001143.9_cds_NP_012865.1_3422,0.267445087432861,-0.572770297527313,1.21012275237814e-05,1.47239378687833e-05,0.267432987689972,0.267432987689972,-0.572785023820052,-0.572785023820052
lcl|NC_001143.9_cds_NP_012866.1_3423,0.56356418132782,-0.249026447534561,2.58122663137806e-05,1.02975376436407e-05,0.563589990139008,0.563589990139008,-0.249036728951607,-0.249036728951607
lcl|NC_001143.9_cds_NP_012868.1_3425,0.413232237100601,-0.383789211511612,1.27562763142765e-05,3.18906907856913e-06,0.413244992494583,0.413244992494583,-0.383792400297705,-0.383792400297705
lcl|NC_001143.9_cds_NP_012889.3_3444,2.89426803588867,0.461513727903366,0.000158085328447449,1.28162803156134e-06,2.89410996437073,2.89410996437073,0.461515028514918,0.461515028514918
lcl|NC_001143.9_cds_NP_012927.3_3482,0.723091602325439,-0.140813305974007,2.15792198792651e-05,6.33357939175108e-06,0.723070025444031,0.723070025444031,-0.14081964158336,-0.14081964158336
lcl|NC_001143.9_cds_NP_012928.1_3483,0.439346373081207,-0.357177793979645,1.36208723023737e-05,1.69890226759586e-06,0.439359992742538,0.439359992742538,-0.357179491617127,-0.357179491617127
lcl|NC_001143.9_cds_NP_013005.1_3555,0.546648263931274,-0.262283802032471,1.77636216969213e-05,5.87176216489757e-06,0.546666026115417,0.546666026115417,-0.262277915552518,-0.262277915552518
lcl|NC_001143.9_cds_NP_013010.3_3560,0.506615221500397,-0.295290231704712,2.67650978505555e-05,8.58392736771806e-06,0.506641983985901,0.506641983985901,-0.295298824300882,-0.295298824300882
lcl|NC_001144.5_cds_NP_013050.1_3600,4.70245218276978,0.67230749130249,0.000242251557466167,5.48417583583733e-06,4.70220994949341,4.70220994949341,0.672302016084302,0.672302016084302
lcl|NC_001144.5_cds_NP_013058.1_3606,0.210149273276329,-0.677476167678833,8.7331845474028e-06,2.21157555619261e-05,0.210158005356789,0.210158005356789,-0.677454062160752,-0.677454062160752
lcl|NC_001144.5_cds_NP_013064.1_3611,0.21051262319088,-0.676743030548096,2.3844242486016e-06,2.61101512402292e-05,0.210515007376671,0.210515007376671,-0.6767169383625,-0.6767169383625
lcl|NC_001144.5_cds_NP_013083.1_3629,3.38747429847717,0.529857397079468,0.000114214701202269,3.93430009865282e-06,3.38736009597778,3.38736009597778,0.529861367115062,0.529861367115062
lcl|NC_001144.5_cds_NP_013099.1_3644,0.199084669351578,-0.700944542884827,6.67638801040952e-06,3.21890071306105e-05,0.199077993631363,0.199077993631363,-0.700976744857985,-0.700976744857985
lcl|NC_001144.5_cds_NP_013129.1_3674,9.61070251464844,0.982756912708282,0.000557966997470227,2.34269464788376e-05,9.61126041412354,9.61126041412354,0.982780344484878,0.982780344484878
lcl|NC_001144.5_cds_NP_013216.1_3758,0.267654091119766,-0.572443962097168,1.01039426053991e-05,1.43065456128634e-06,0.267643988132477,0.267643988132477,-0.572442507371954,-0.572442507371954
lcl|NC_001144.5_cds_NP_013264.1_3815,0.652770698070526,-0.185245662927628,2.16974825203038e-05,8.12217390002832e-06,0.652749001979828,0.652749001979828,-0.185253783518783,-0.185253783518783
lcl|NC_001144.5_cds_NP_013276.1_3825,3.45789885520935,0.538813650608063,0.000128756028522442,1.7525175954066e-05,3.45777010917664,3.45777010917664,0.538796115706293,0.538796115706293
lcl|NC_001144.5_cds_NP_013279.1_3828,0.426402002573013,-0.370150566101074,7.0044475502563e-06,2.30689443192133e-05,0.426409006118774,0.426409006118774,-0.370173631217925,-0.370173631217925
lcl|NC_001144.5_cds_NP_013294.1_3842,0.215562522411346,-0.66648542881012,1.05212315451619e-05,3.74953782979057e-05,0.215552002191544,0.215552002191544,-0.666447938772976,-0.666447938772976
lcl|NC_001144.5_cds_NP_013296.1_3844,1.01416265964508,0.00611496204510331,1.7286730264683e-05,5.63491703482283e-08,1.01417994499207,1.01417994499207,0.00611501829487926,0.00611501829487926
lcl|NC_001144.5_cds_NP_013350.1_3894,8.84127330780029,0.946500301361084,0.000356714751875207,3.20115632482829e-05,8.84162998199463,8.84162998199463,0.946532335932846,0.946532335932846
lcl|NC_001144.5_cds_NP_013372.1_3916,1.83797240257263,0.26435774564743,4.75706752674974e-05,7.51079039220579e-06,1.83801996707916,1.83801996707916,0.264350224974575,0.264350224974575
lcl|NC_001144.5_cds_NP_013376.1_3920,1.04380083084106,0.0186226963996887,9.17969773151266e-06,1.23879604537143e-06,1.04381000995636,1.04381000995636,0.0186214573479206,0.0186214573479206
lcl|NC_001144.5_cds_NP_013377.1_3921,0.315544188022614,-0.500971496105194,1.01933738682764e-05,1.76447398732162e-05,0.315533995628357,0.315533995628357,-0.500953843017524,-0.500953843017524
lcl|NC_001144.5_cds_NP_013396.1_3938,6.01953744888306,0.77954488992691,6.24704556766395e-05,2.27112860008739e-05,6.01959991455078,6.01959991455078,0.779567627357997,0.779567627357997
lcl|NC_001144.5_cds_NP_013404.1_3945,2.62086391448975,0.418451309204102,3.38577008771525e-05,1.24584852874291e-05,2.62083005905151,2.62083005905151,0.418438861156843,0.418438861156843
lcl|NC_001144.5_cds_NP_013429.1_3968,7.80859518051147,0.89257800579071,3.48113849655252e-05,3.1593621809586e-06,7.80862998962402,7.80862998962402,0.892574844358968,0.892574844358968
lcl|NC_001144.5_cds_NP_013464.3_4000,0.206852346658707,-0.684325933456421,8.65824266345292e-06,4.53040619583049e-06,0.20686100423336,0.20686100423336,-0.68432137130843,-0.68432137130843
lcl|NC_001144.5_cds_NP_013543.3_4077,0.19183737039566,-0.717041313648224,8.62854437758582e-06,5.96106078519667e-06,0.191845998167992,0.191845998167992,-0.717047255583128,-0.717047255583128
lcl|NC_001144.5_cds_NP_013546.1_4080,6.80708837509155,0.832996487617493,0.000191705532322922,2.28904729805815e-05,6.80728006362915,6.80728006362915,0.832973618620854,0.832973618620854
lcl|NC_001145.3_cds_NP_013586.1_4116,1.3955146074295,0.144735664129257,2.53947736093285e-05,6.6315841335776e-06,1.39553999900818,1.39553999900818,0.144742288764157,0.144742288764157
lcl|NC_001145.3_cds_NP_013597.1_4126,0.875484883785248,-0.0577596127986908,2.08634097430612e-05,2.0863712727402e-06,0.875464022159576,0.875464022159576,-0.0577616968662259,-0.0577616968662259
lcl|NC_001145.3_cds_NP_013601.1_4130,2.06769680976868,0.315512657165527,4.31584397585303e-05,1.67510220669506e-05,2.06773996353149,2.06773996353149,0.315495921508854,0.315495921508854
lcl|NC_001145.3_cds_NP_013648.1_4172,8.11755847930908,0.909451246261597,0.000421577732440216,3.27858339349787e-06,8.11798000335693,8.11798000335693,0.90944797720516,0.90944797720516
lcl|NC_001145.3_cds_NP_013663.1_4188,0.282026559114456,-0.549714088439941,1.34419996268343e-05,2.47980126443558e-05,0.282039999961853,0.282039999961853,-0.549689294053735,-0.549689294053735
lcl|NC_001145.3_cds_NP_013690.1_4214,2.10342168807983,0.322885066270828,0.000131616139120054,1.40982601147678e-05,2.10329008102417,2.10329008102417,0.322899173732552,0.322899173732552
lcl|NC_001145.3_cds_NP_013752.1_4276,0.778075993061066,-0.10898045450449,3.99379853564175e-06,2.38442423723405e-07,0.778071999549866,0.778071999549866,-0.108980213343975,-0.108980213343975
lcl|NC_001145.3_cds_NP_013774.1_4295,1.55515158176422,0.191769152879715,4.16075763923536e-05,8.04725178265263e-06,1.55510997772217,1.55510997772217,0.191761107850917,0.191761107850917
lcl|NC_001145.3_cds_NP_013805.1_4324,0.143899187445641,-0.841988980770111,8.18161151787014e-06,2.25922195064152e-05,0.143891006708145,0.143891006708145,-0.841966348933998,-0.841966348933998
lcl|NC_001145.3_cds_NP_013810.1_4329,1.04052972793579,0.0172631554305553,2.02668556431995e-05,2.04911462093617e-07,1.04054999351501,1.04054999351501,0.0172629508485743,0.0172629508485743
lcl|NC_001145.3_cds_NP_013817.1_4336,2.16859912872314,0.336179882287979,2.90895914173854e-05,6.43794566051502e-06,2.16857004165649,2.16857004165649,0.336173453791063,0.336173453791063
lcl|NC_001145.3_cds_NP_013824.1_4344,0.28307893872261,-0.548096120357513,6.94458736616977e-06,6.97424913053394e-06,0.283071994781494,0.283071994781494,-0.548103094652841,-0.548103094652841
lcl|NC_001145.3_cds_NP_013834.1_4354,9.26458835601807,0.966806650161743,5.15035652841202e-05,2.18775411062628e-05,9.26463985443115,9.26463985443115,0.966828541596282,0.966828541596282
lcl|NC_001145.3_cds_NP_013840.1_4359,3.57829308509827,0.55370557308197,7.70158728364539e-05,2.02668556431995e-05,3.57837009429932,3.57837009429932,0.553685255627641,0.553685255627641
lcl|NC_001145.3_cds_NP_013950.1_4465,0.502923786640167,-0.298501819372177,1.97899847249081e-05,1.31143335739915e-05,0.502903997898102,0.502903997898102,-0.298514911887159,-0.298514911887159
lcl|NC_001145.3_cds_NP_013953.1_4468,1.54931485652924,0.190127849578857,1.49022778077781e-05,7.6599079959359e-06,1.54929995536804,1.54929995536804,0.190135508365953,0.190135508365953
lcl|NC_001145.3_cds_NP_013955.1_4470,0.288688004016876,-0.539568483829498,1.00145819290044e-05,1.78240328536324e-05,0.288677990436554,0.288677990436554,-0.539586326601898,-0.539586326601898
lcl|NC_001145.3_cds_NP_013969.3_4485,7.76397657394409,0.890094339847565,0.000286612800280228,2.61688107453561e-05,7.76368999481201,7.76368999481201,0.890068185625337,0.890068185625337
lcl|NC_001145.3_cds_NP_013987.1_4504,2.96575379371643,0.472141832113266,0.000153792181196615,2.92387686259805e-05,2.96560001373291,2.96560001373291,0.47211257503261,0.47211257503261
lcl|NC_001145.3_cds_NP_014011.1_4529,0.281414389610291,-0.55062335729599,1.06103023497882e-05,1.40088951005126e-05,0.281424999237061,0.281424999237061,-0.550637326416294,-0.550637326416294
lcl|NC_001145.3_cds_NP_014016.1_4534,0.187866151332855,-0.726129174232483,1.14746221643908e-06,2.49169705748583e-05,0.187865003943443,0.187865003943443,-0.726154114044141,-0.726154114044141
lcl|NC_001145.3_cds_NP_014051.3_4565,2.39744091033936,0.379752635955811,8.08315408431926e-05,1.93739057684231e-05,2.39736008644104,2.39736008644104,0.379733270499762,0.379733270499762
lcl|NC_001146.8_cds_NP_014153.1_4659,0.357057869434357,-0.44726026058197,1.21307064490967e-05,1.36208723023737e-05,0.357069998979568,0.357069998979568,-0.447246637695679,-0.447246637695679
lcl|NC_001146.8_cds_NP_014160.2_4666,2.21616339683533,0.345608294010162,6.65271515938662e-05,6.52753781005731e-06,2.2162299156189,2.2162299156189,0.345614812872749,0.345614812872749
lcl|NC_001146.8_cds_NP_014167.1_4672,0.27369236946106,-0.562738597393036,1.36208723023737e-05,2.28904729805815e-05,0.273705989122391,0.273705989122391,-0.562715699431864,-0.562715699431864
lcl|NC_001146.8_cds_NP_014178.1_4681,0.258554041385651,-0.587418437004089,7.95824115313963e-06,1.69288504385762e-05,0.258561998605728,0.258561998605728,-0.587435303928077,-0.587435303928077
lcl|NC_001146.8_cds_NP_014222.2_4721,0.274499326944351,-0.561501443386078,5.33518279547158e-06,3.4276047636127e-05,0.274493992328644,0.274493992328644,-0.56146715623054,-0.56146715623054
lcl|NC_001146.8_cds_NP_014231.1_4727,0.909176349639893,-0.0413630306720734,2.2354084875559e-05,4.8059899610822e-07,0.909153997898102,0.909153997898102,-0.0413625471710492,-0.0413625471710492
lcl|NC_001146.8_cds_NP_014264.1_4762,4.66669082641602,0.669005155563354,0.000189326477049004,2.1519660404905e-05,4.66688013076782,4.66688013076782,0.669026646135929,0.669026646135929
lcl|NC_001146.8_cds_NP_014307.1_4803,0.15803949534893,-0.801254093647003,7.51079039220579e-06,4.03567340088134e-05,0.158047005534172,0.158047005534172,-0.801213728184447,-0.801213728184447
lcl|NC_001146.8_cds_NP_014337.3_4833,0.67287003993988,-0.172053575515747,3.89866123033149e-05,9.92506967764442e-06,0.672909021377563,0.672909021377563,-0.172043649274674,-0.172043649274674
lcl|NC_001146.8_cds_NP_014353.1_4850,1.60104441642761,0.20439238846302,7.43940379330673e-05,9.17969773151266e-06,1.60097002983093,1.60097002983093,0.204383201999952,0.204383201999952
lcl|NC_001146.8_cds_NP_014397.1_4892,0.307168990373611,-0.51260381937027,1.50215807844116e-05,2.44403487799535e-06,0.307184010744095,0.307184010744095,-0.512601393543939,-0.512601393543939
lcl|NC_001146.8_cds_NP_014404.3_4898,0.257070958614349,-0.589928150177002,6.94458736616977e-06,3.05801853660916e-05,0.257064014673233,0.257064014673233,-0.589958714188173,-0.589958714188173
lcl|NC_001146.8_cds_NP_014413.1_4907,2.86516880989075,0.457135051488876,0.000128756028522442,4.35142312069065e-06,2.86504006385803,2.86504006385803,0.457130699389207,0.457130699389207
lcl|NC_001146.8_cds_NP_014448.1_4941,2.80544900894165,0.447997659444809,5.91337219708066e-05,4.44090542423032e-06,2.80538988113403,2.80538988113403,0.447993226183501,0.447993226183501
lcl|NC_001146.8_cds_NP_014469.1_4962,1.92189466953278,0.283732831478119,4.53024856566249e-05,7.0044475502563e-06,1.92193996906281,1.92193996906281,0.283739818550049,0.283739818550049
lcl|NC_001147.6_cds_NP_014492.1_4989,0.293546617031097,-0.532315790653229,3.60634690228661e-06,1.24584852874291e-05,0.293543010950089,0.293543010950089,-0.532328255405358,-0.532328255405358
lcl|NC_001147.6_cds_NP_014502.1_4999,3.42489385604858,0.534666776657104,7.60627755226086e-05,1.00145819290044e-05,3.42496991157532,3.42496991157532,0.534656760560063,0.534656760560063
lcl|NC_001147.6_cds_NP_014555.1_5053,9.9736795425415,0.998863697052002,0.000220318868226274,1.31143335243876e-06,9.97389984130859,9.97389984130859,0.99886500268469,0.99886500268469
lcl|NC_001147.6_cds_NP_014586.1_5083,1.99021506309509,0.298869907855988,5.50797170565686e-05,1.80924498353906e-05,1.99015998840332,1.99015998840332,0.298887990624698,0.298887990624698
lcl|NC_001147.6_cds_NP_014593.1_5089,0.673527181148529,-0.171648144721985,1.71678547354361e-05,7.79417536264431e-06,0.673510015010834,0.673510015010834,-0.171655941987613,-0.171655941987613
lcl|NC_001147.6_cds_NP_014621.1_5115,1.10641062259674,0.0438996069133282,4.06553394936221e-05,7.74937895136117e-07,1.106369972229,1.106369972229,0.0439003801596272,0.0439003801596272
lcl|NC_001147.6_cds_NP_014634.1_5129,0.190230339765549,-0.720717251300812,1.23392631469322e-05,3.11176261478715e-05,0.19021800160408,0.19021800160408,-0.720748385256801,-0.720748385256801
lcl|NC_001147.6_cds_NP_014706.1_5199,11.1406965255737,1.0468864440918,0.00040345610475077,4.16075763923536e-05,11.1410999298096,11.1410999298096,1.0469280696407,1.0469280696407
lcl|NC_001147.6_cds_NP_014732.1_5224,0.645980417728424,-0.189806148409843,2.64069230726166e-05,7.73445988289558e-06,0.645954012870789,0.645954012870789,-0.189798399446659,-0.189798399446659
lcl|NC_001147.6_cds_NP_014776.1_5266,10.0234537124634,1.00098824501038,0.000145924094504132,3.55272433938426e-05,10.0235996246338,10.0235996246338,1.00102371118992,1.00102371118992
lcl|NC_001147.6_cds_NP_014794.3_5283,1.72995316982269,0.238037064671516,6.79560907038342e-06,1.01338033801975e-06,1.7299599647522,1.7299599647522,0.238036052673079,0.238036052673079
lcl|NC_001147.6_cds_NP_014802.3_5291,0.306966602802277,-0.512939035892487,1.66019291457399e-05,6.67638801040952e-06,0.306950002908707,0.306950002908707,-0.512932358168241,-0.512932358168241
lcl|NC_001147.6_cds_NP_014837.1_5328,0.248412922024727,-0.604813814163208,1.92239598443288e-06,1.5379167875463e-05,0.248410999774933,0.248410999774933,-0.604829177272483,-0.604829177272483
lcl|NC_001147.6_cds_NP_014850.1_5338,1.6563423871994,0.219169899821281,5.75837053656111e-05,4.69445040327025e-06,1.65639996528625,1.65639996528625,0.219165212728681,0.219165212728681
lcl|NC_001147.6_cds_NP_014852.1_5340,1.37691903114319,0.138894572854042,5.90155950616283e-05,4.78372895347821e-06,1.37686002254486,1.37686002254486,0.138889790274054,0.138889790274054
lcl|NC_001147.6_cds_NP_014877.3_5363,7.41632890701294,0.870161116123199,1.09683516716747e-05,2.85536753005673e-05,7.41633987426758,7.41633987426758,0.87018962433718,0.87018962433718
lcl|NC_001147.6_cds_NP_014893.1_5377,0.267002940177917,-0.57348644733429,2.95062599324947e-06,2.32481368540835e-06,0.266999989748001,0.266999989748001,-0.57348875531103,-0.57348875531103
lcl|NC_001147.6_cds_NP_014897.1_5381,1.11910486221313,0.0488554090261459,4.4827175875258e-05,2.01929623934265e-06,1.11906003952026,1.11906003952026,0.0488533878088273,0.0488533878088273
lcl|NC_001147.6_cds_NP_014957.2_5437,7.34626817703247,0.866036891937256,0.000161663081686385,3.94631337387815e-05,7.3464298248291,7.3464298248291,0.866076334449038,0.866076334449038
lcl|NC_001147.6_cds_NP_014985.1_5462,0.828795194625854,-0.0815752893686295,4.72100158919915e-05,2.22800410670405e-06,0.828747987747192,0.828747987747192,-0.0815775130805056,-0.0815775130805056
lcl|NC_001147.6_cds_NP_015002.3_5480,0.316519021987915,-0.499610304832458,1.50215807844116e-05,1.04914668195101e-05,0.316504001617432,0.316504001617432,-0.499620794748102,-0.499620794748102
lcl|NC_001147.6_cds_NP_015006.3_5484,2.43654274940491,0.386810034513474,7.72524744264391e-05,2.22351939769425e-05,2.43661999702454,2.43661999702454,0.386787804086836,0.386787804086836
lcl|NC_001148.4_cds_NP_015083.1_5560,0.15415957570076,-0.812014818191528,5.81203421352088e-07,1.63329489383945e-05,0.154158994555473,0.154158994555473,-0.812031130867093,-0.812031130867093
lcl|NC_001148.4_cds_NP_015089.1_5565,1.26956832408905,0.103674337267876,6.16358753460743e-05,2.8240274383019e-06,1.26962995529175,1.26962995529175,0.103677160489418,0.103677160489418
lcl|NC_001148.4_cds_NP_015093.1_5569,3.78044581413269,0.577555298805237,1.57372003946113e-05,1.40680304403457e-05,3.78043007850647,3.78043007850647,0.57754120991586,0.57754120991586
lcl|NC_001148.4_cds_NP_015136.1_5611,0.361295253038406,-0.442144393920898,1.82405118130165e-05,1.52900926830458e-05,0.361277014017105,0.361277014017105,-0.442159669218294,-0.442159669218294
lcl|NC_001148.4_cds_NP_015171.1_5644,3.180903673172,0.502587556838989,0.000186467717909708,1.15640625615769e-05,3.18109011650085,3.18109011650085,0.502575972327951,0.502575972327951
lcl|NC_001148.4_cds_NP_015180.1_5654,1.90041661262512,0.278853356838226,8.34536389722449e-05,1.45447957086927e-05,1.90050005912781,1.90050005912781,0.278867887450767,0.278867887450767
lcl|NC_001148.4_cds_NP_015181.1_5655,0.143366411328316,-0.843558132648468,7.40687418913009e-06,1.68702616421267e-05,0.143359005451202,0.143359005451202,-0.843575020576433,-0.843575020576433
lcl|NC_001148.4_cds_NP_015182.1_5656,8.54696464538574,0.931841969490051,0.000335726938224323,1.29947198212505e-05,8.54730033874512,8.54730033874512,0.93182896465506,0.93182896465506
lcl|NC_001148.4_cds_NP_015219.1_5691,4.82991504669189,0.683896124362946,0.000265142310046487,1.95522790239628e-05,4.82964992523193,4.82964992523193,0.683915652273251,0.683915652273251
lcl|NC_001148.4_cds_NP_015234.1_5706,1.48180079460144,0.170772701501846,8.08315408431926e-05,6.55716678699573e-06,1.48171997070312,1.48171997070312,0.170766134365531,0.170766134365531
lcl|NC_001148.4_cds_NP_015297.1_5768,3.17285060882568,0.501460075378418,2.05060485049814e-05,1.32331640030083e-05,3.17283010482788,3.17283010482788,0.50144681760587,0.50144681760587
lcl|NC_001148.4_cds_NP_015324.1_5794,0.338164657354355,-0.470860987901688,1.23392631469322e-05,5.0370185180258e-06,0.338176995515823,0.338176995515823,-0.470855938607995,-0.470855938607995
lcl|NC_001148.4_cds_NP_015335.1_5804,1.70691990852356,0.232180938124657,8.98956365269359e-05,9.34380673762515e-06,1.70683002471924,1.70683002471924,0.232190273896201,0.232190273896201
lcl|NC_001148.4_cds_NP_015357.1_5826,0.434434533119202,-0.362068682909012,9.5376969944064e-06,1.65125945521692e-05,0.434424996376038,0.434424996376038,-0.362085193833898,-0.362085193833898
lcl|NC_001148.4_cds_NP_015360.2_5829,4.82032108306885,0.683101773262024,7.91599388996325e-05,1.86587165986643e-05,4.82040023803711,4.82040023803711,0.683083099225276,0.683083099225276
lcl|NC_001148.4_cds_NP_015405.1_5868,11.140606880188,1.04687798023224,0.000206965995187704,2.27709685149468e-05,11.1403999328613,11.1403999328613,1.04690078199724,1.04690078199724
lcl|NC_001148.4_cds_NP_015435.1_5895,1.59619879722595,0.203109860420227,4.12504972667093e-05,1.16542323693568e-05,1.59624004364014,1.59624004364014,0.203098201419078,0.203098201419078
lcl|NC_001148.4_cds_NP_015486.1_5947,2.02409744262695,0.306236118078232,1.74056924827626e-05,8.43513082106333e-06,2.02408003807068,2.02408003807068,0.306227681786917,0.306227681786917
lcl|NC_001148.4_cds_NP_015507.1_5967,1.8788857460022,0.273889392614365,5.57939930442715e-05,1.90753938978724e-06,1.87882995605469,1.87882995605469,0.273887475955291,0.273887475955291
lcl|NC_001148.4_cds_NP_015508.1_5968,0.235309228301048,-0.62835818529129,3.77040385916976e-06,4.1130043475017e-06,0.23531299829483,0.23531299829483,-0.628354082463573,-0.628354082463573
lcl|NC_001148.4_cds_NP_015517.1_5977,1.89951324462891,0.278677403926849,9.68098201902511e-05,1.29353746992315e-05,1.89961004257202,1.89961004257202,0.27866445687865,0.27866445687865
lcl|NC_001148.4_cds_NP_015519.1_5979,0.552087187767029,-0.257980138063431,1.18025039729979e-05,2.92091980559213e-06,0.552098989486694,0.552098989486694,-0.257983047753457,-0.257983047753457
