GeneID,Mean,Mean.log10,Std.Dev,log10.Std.Dev,0.025,0.975,log10.0.025,log10.0.975
lcl|NC_000913.3_cds_NP_414543.1_2,0.745712757110596,-0.127401575446129,5.42405972265073e-05,4.73871880338122e-06,0.745766997337341,0.745766997337341,-0.127396839520454,-0.127396839520454
lcl|NC_000913.3_cds_NP_414550.1_9,0.881942272186279,-0.0545258894562721,8.07051622519149e-05,5.78583847783742e-06,0.882022976875305,0.882022976875305,-0.0545201012625325,-0.0545201012625325
lcl|NC_000913.3_cds_NP_414554.1_12,0.74814760684967,-0.12598592042923,3.33802707607879e-05,7.42163427518262e-06,0.748180985450745,0.748180985450745,-0.125993333318717,-0.125993333318717
lcl|NC_000913.3_cds_NP_414555.1_13,4.52768039703369,0.65588366985321,0.000509769281111321,4.1009021671864e-05,4.52819013595581,4.52819013595581,0.655924654324817,0.655924654324817
lcl|NC_000913.3_cds_NP_414556.1_14,1.85936152935028,0.269309222698212,0.000101576619936476,3.09053010930132e-05,1.85925996303558,1.85925996303558,0.269340117377369,0.269340117377369
lcl|NC_000913.3_cds_NP_414567.1_25,2.39112877845764,0.378645837306976,2.12192594262062e-05,3.90117764549914e-05,2.39114999771118,2.39114999771118,0.378606820421502,0.378606820421502
lcl|NC_000913.3_cds_NP_414569.1_27,1.45604074001312,0.16317018866539,7.06978082547874e-05,1.7747146137138e-05,1.45597004890442,1.45597004890442,0.163152441096985,0.163152441096985
lcl|NC_000913.3_cds_NP_414570.1_28,1.49603080749512,0.174918353557587,0.000130772488760496,1.5780353449035e-05,1.49590003490448,1.49590003490448,0.174902572311907,0.174902572311907
lcl|NC_000913.3_cds_NP_414573.1_31,1.25982546806335,0.100340880453587,7.45120671740872e-05,4.81317976617985e-06,1.25989997386932,1.25989997386932,0.100336066926308,0.100336066926308
lcl|NC_000913.3_cds_NP_414574.1_32,2.56495070457458,0.409130990505219,0.000139234459957504,2.83723470054696e-05,2.56508994102478,2.56508994102478,0.409102597598301,0.409102597598301
lcl|NC_000913.3_cds_NP_414577.2_34,0.261154115200043,-0.583048164844513,2.11593066150526e-06,5.84778694965912e-05,0.261151999235153,0.261151999235153,-0.583106645096099,-0.583106645096099
lcl|NC_000913.3_cds_NP_414583.2_40,0.927728056907654,-0.032595194876194,4.00563238597166e-05,2.86860747990258e-06,0.927688002586365,0.927688002586365,-0.032598059921047,-0.032598059921047
lcl|NC_000913.3_cds_NP_414584.1_41,1.66306781768799,0.220920696854591,3.77901483018442e-05,2.06098728907752e-05,1.6630300283432,1.6630300283432,0.220900091087237,0.220900091087237
lcl|NC_000913.3_cds_NP_414590.1_47,0.80090457201004,-0.0963712185621262,0.000103422981819919,8.06918904076474e-06,0.801007986068726,0.801007986068726,-0.0963631539678347,-0.0963631539678347
lcl|NC_000913.3_cds_NP_414592.1_49,0.528820276260376,-0.276632517576218,4.17246961982076e-05,2.51247353854137e-05,0.528861999511719,0.528861999511719,-0.276657637358531,-0.276657637358531
lcl|NC_000913.3_cds_NP_414595.1_52,1.95507478713989,0.291175216436386,5.48372065326053e-05,2.4022938803132e-05,1.9550199508667,1.9550199508667,0.29115119370483,0.29115119370483
lcl|NC_000913.3_cds_NP_414596.1_53,1.4442675113678,0.159584477543831,0.000157478973963727,1.58106964279228e-05,1.4441100358963,1.4441100358963,0.159600286143519,0.159600286143519
lcl|NC_000913.3_cds_NP_414600.1_56,0.496907383203506,-0.303715795278549,1.23983862332368e-05,1.95806283195471e-05,0.496894985437393,0.496894985437393,-0.303735386043475,-0.303735386043475
lcl|NC_000913.3_cds_NP_414601.1_57,2.07284450531006,0.31657537817955,8.44031235078184e-05,2.6345930403298e-05,2.07276010513306,2.07276010513306,0.316549041097361,0.316549041097361
lcl|NC_000913.3_cds_NP_414602.1_58,0.744662344455719,-0.128002971410751,8.36915649659622e-05,1.11767202293003e-05,0.744746029376984,0.744746029376984,-0.127991803553352,-0.127991803553352
lcl|NC_000913.3_cds_NP_414603.1_59,1.0003045797348,0.0001215935262735,2.45573679514589e-05,1.73171063265805e-09,1.00028002262115,1.00028002262115,0.000121595255258999,0.000121595255258999
lcl|NC_000913.3_cds_NP_414608.1_64,0.511380195617676,-0.291259437799454,2.80140591980728e-06,5.72233207894719e-06,0.51138299703598,0.51138299703598,-0.291253715919008,-0.291253715919008
lcl|NC_000913.3_cds_NP_414614.1_71,1.55181920528412,0.190893024206161,0.000150811047470177,9.70049570833183e-06,1.5519700050354,1.5519700050354,0.190883323382548,0.190883323382548
lcl|NC_000913.3_cds_NP_414620.1_77,0.344744622707367,-0.462415188550949,3.93697434909317e-05,3.77027618675443e-05,0.344783991575241,0.344783991575241,-0.462452906803052,-0.462452906803052
lcl|NC_000913.3_cds_NP_414622.1_78,0.782720923423767,-0.106381081044674,2.90863748298e-05,4.15762049753026e-06,0.782750010490417,0.782750010490417,-0.106376917890631,-0.106376917890631
lcl|NC_000913.3_cds_NP_414624.1_80,1.02725219726562,0.0116346953436732,0.000102161078802505,8.09376953599497e-07,1.02715003490448,1.02715003490448,0.0116338852447891,0.0116338852447891
lcl|NC_000913.3_cds_NP_414626.1_82,1.02800989151001,0.0119933839887381,9.89432299374554e-06,2.71020144856108e-07,1.02799999713898,1.02799999713898,0.0119931134505736,0.0119931134505736
lcl|NC_000913.3_cds_NP_414627.1_83,1.05566549301147,0.0235331896692514,2.45573679514589e-05,3.23942481492739e-06,1.05569005012512,1.05569005012512,0.0235364283502329,0.0235364283502329
lcl|NC_000913.3_cds_NP_414628.1_84,1.28417479991913,0.108598560094833,5.48372065326053e-05,7.0488076715432e-06,1.28411996364594,1.28411996364594,0.108605597810552,0.108605597810552
lcl|NC_000913.3_cds_NP_414630.1_86,1.07127010822296,0.0298736300319433,7.01019866456403e-05,3.06039300860303e-06,1.07120001316071,1.07120001316071,0.0298705693396712,0.0298705693396712
lcl|NC_000913.3_cds_NP_414633.1_89,0.983297824859619,-0.00737020280212164,0.000126848697155082,7.43683782667734e-07,0.983170986175537,0.983170986175537,-0.00737094616084685,-0.00737094616084685
lcl|NC_000913.3_cds_NP_414635.1_91,0.443623095750809,-0.353013783693314,5.096746837668e-06,2.29488598392207e-05,0.44361799955368,0.44361799955368,-0.352990840908246,-0.352990840908246
lcl|NC_000913.3_cds_NP_414636.1_92,0.636237978935242,-0.196381166577339,2.70011261195091e-05,1.91799189410455e-05,0.636264979839325,0.636264979839325,-0.196361979767208,-0.196361979767208
lcl|NC_000913.3_cds_NP_414637.1_93,2.34182953834534,0.369612783193588,0.000110399242919497,3.70474604313963e-05,2.34193992614746,2.34193992614746,0.369575750652109,0.369575750652109
lcl|NC_000913.3_cds_NP_414640.1_96,2.42320847511292,0.384330183267593,0.000128518658213857,3.75837697927277e-05,2.42307996749878,2.42307996749878,0.384367747142198,0.384367747142198
lcl|NC_000913.3_cds_NP_414645.1_100,0.379700601100922,-0.420468688011169,3.54064524765301e-05,4.9537065358205e-05,0.379736006259918,0.379736006259918,-0.42051822145748,-0.42051822145748
lcl|NC_000913.3_cds_NP_414646.1_101,1.70117104053497,0.230719655752182,2.11007808769546e-05,2.29488598392207e-05,1.70114994049072,1.70114994049072,0.230742594305023,0.230742594305023
lcl|NC_000913.3_cds_NP_414651.1_105,0.566240549087524,-0.247045382857323,2.15792031584279e-05,2.97889968391311e-05,0.566218972206116,0.566218972206116,-0.247015582893233,-0.247015582893233
lcl|NC_000913.3_cds_NP_414657.1_111,3.57812333106995,0.553699672222137,4.33922632709192e-05,4.95935449329472e-05,3.57807993888855,3.57807993888855,0.5536500390347,0.5536500390347
lcl|NC_000913.3_cds_NP_414658.1_112,3.84892296791077,0.585320949554443,0.000153071655970047,1.01332962411995e-06,3.84876990318298,3.84876990318298,0.585321947788537,0.585321947788537
lcl|NC_000913.3_cds_NP_414660.1_114,2.72413420677185,0.435231775045395,0.00020432215760501,3.5853178558953e-05,2.72392988204956,2.72392988204956,0.435195924007674,0.435195924007674
lcl|NC_000913.3_cds_NP_414665.1_119,0.860324203968048,-0.0653698518872261,7.12348978341143e-05,3.96402178609631e-06,0.860252976417542,0.860252976417542,-0.0653738160746837,-0.0653738160746837
lcl|NC_000913.3_cds_NP_414666.1_120,1.45681166648865,0.1633610278368,0.000101687275251231,1.20858332991747e-05,1.45670998096466,1.45670998096466,0.163373095898998,0.163373095898998
lcl|NC_000913.3_cds_NP_414685.4_139,1.67083442211151,0.222905695438385,6.43746340789004e-05,1.09832140699844e-05,1.67077004909515,1.67077004909515,0.222916681322979,0.222916681322979
lcl|NC_000913.3_cds_NP_414690.4_144,0.384533733129501,-0.415039122104645,2.12797327491758e-05,2.38430502278967e-06,0.384555011987686,0.384555011987686,-0.415041524019291,-0.415041524019291
lcl|NC_000913.3_cds_NP_414691.1_145,1.32444989681244,0.122067309916019,7.01019866456403e-05,8.79263413399206e-06,1.32451999187469,1.32451999187469,0.122058517782618,0.122058517782618
lcl|NC_000913.3_cds_NP_414692.1_146,1.78821229934692,0.252436757087708,2.76579380749439e-05,1.09382135888983e-05,1.7882399559021,1.7882399559021,0.252425794399513,0.252425794399513
lcl|NC_000913.3_cds_NP_414693.1_147,0.859285831451416,-0.0658954381942749,5.9846334025471e-05,2.83874713609092e-06,0.859225988388062,0.859225988388062,-0.065892595654252,-0.065892595654252
lcl|NC_000913.3_cds_NP_414703.1_157,2.51769924163818,0.401072412729263,0.000160710923932395,4.0863209031404e-05,2.5178599357605,2.5178599357605,0.401031567384947,0.401031567384947
lcl|NC_000913.3_cds_NP_414706.2_160,0.343276470899582,-0.464345157146454,2.85231453844405e-05,2.52718213482047e-05,0.343304991722107,0.343304991722107,-0.464319881801149,-0.464319881801149
lcl|NC_000913.3_cds_NP_414711.1_164,5.84868192672729,0.767089903354645,0.00046826296623599,2.86116603947359e-06,5.84915018081665,5.84915018081665,0.767092772305814,0.767092772305814
lcl|NC_000913.3_cds_NP_414714.1_167,2.28696727752686,0.359187334775925,0.000217213972696462,3.13848683681194e-05,2.28675007820129,2.28675007820129,0.359218702608897,0.359218702608897
lcl|NC_000913.3_cds_NP_414718.1_171,0.341782003641129,-0.466305911540985,3.00130509243546e-05,1.69876489038261e-05,0.341751992702484,0.341751992702484,-0.466288944449475,-0.466288944449475
lcl|NC_000913.3_cds_NP_414719.1_172,1.95118474960327,0.290300369262695,0.000105271033225781,2.14578383337064e-05,1.95129001140594,1.95129001140594,0.29032182141559,0.29032182141559
lcl|NC_000913.3_cds_NP_414723.1_176,1.22459375858307,0.0879660248756409,5.37650993941207e-05,6.95148627593705e-06,1.22453999519348,1.22453999519348,0.087972974359197,0.087972974359197
lcl|NC_000913.3_cds_NP_414727.1_180,2.21356868743896,0.345143526792526,7.1293038749183e-05,3.65406902512941e-05,2.21363997459412,2.21363997459412,0.34510698882755,0.34510698882755
lcl|NC_000913.3_cds_NP_414734.1_188,0.579590499401093,-0.236841529607773,1.44845773339847e-05,2.63768715926786e-05,0.579604983329773,0.579604983329773,-0.23686788920618,-0.23686788920618
lcl|NC_000913.3_cds_NP_414736.1_190,2.84126162528992,0.453444629907608,0.000281580568350084,2.3574535346954e-05,2.840980052948,2.840980052948,0.453468184470903,0.453468184470903
lcl|NC_000913.3_cds_NP_414737.1_191,0.787494480609894,-0.103805638849735,7.64820675506999e-05,1.09832140699844e-05,0.787418007850647,0.787418007850647,-0.103794657337587,-0.103794657337587
lcl|NC_000913.3_cds_NP_414738.1_192,0.650886118412018,-0.186496213078499,2.48580590870589e-05,1.77919271851915e-05,0.650910973548889,0.650910973548889,-0.186478406731958,-0.186478406731958
lcl|NC_000913.3_cds_NP_414739.1_193,2.26953196525574,0.355953723192215,2.81327056725199e-05,1.20402471673829e-05,2.26956009864807,2.26956009864807,0.355941687482327,0.355941687482327
lcl|NC_000913.3_cds_NP_414745.1_199,0.31030148267746,-0.508263647556305,1.2488427191126e-05,3.00400590978876e-05,0.310288995504379,0.310288995504379,-0.508233626531435,-0.508233626531435
lcl|NC_000913.3_cds_NP_414747.1_201,0.828494250774384,-0.081741601228714,7.32568667286697e-05,7.30225247724158e-06,0.828420996665955,0.828420996665955,-0.0817489022694078,-0.0817489022694078
lcl|NC_000913.3_cds_NP_414755.1_211,0.308283776044846,-0.511080741882324,2.27698154046016e-05,6.55683874859676e-07,0.308261007070541,0.308261007070541,-0.511081407109678,-0.511081407109678
lcl|NC_000913.3_cds_NP_414772.1_228,2.24400615692139,0.351017445325851,0.000136148751632571,1.97597439230179e-05,2.24387001991272,2.24387001991272,0.350997696046867,0.350997696046867
lcl|NC_000913.3_cds_NP_414774.1_230,0.757349133491516,-0.120678819715977,4.28577226559165e-05,4.76861003421123e-07,0.75739198923111,0.75739198923111,-0.120679292628347,-0.120679292628347
lcl|NC_000913.3_cds_NP_414776.1_232,0.734342515468597,-0.134152948856354,7.3499089026965e-05,8.15179366422003e-06,0.734269022941589,0.734269022941589,-0.13414479325386,-0.13414479325386
lcl|NC_000913.3_cds_NP_414778.1_234,1.22194445133209,0.0870834290981293,7.55802966036885e-05,5.10389378965513e-06,1.22202003002167,1.22202003002167,0.0870783244471169,0.0870783244471169
lcl|NC_000913.3_cds_NP_414785.4_243,0.686557590961456,-0.163299098610878,5.74018337568798e-05,1.23694123053997e-05,0.686614990234375,0.686614990234375,-0.163286719254274,-0.163286719254274
lcl|NC_000913.3_cds_NP_414786.4_246,0.504687130451202,-0.297035217285156,2.81327056725199e-05,3.32303011020445e-05,0.504658997058868,0.504658997058868,-0.297001979741188,-0.297001979741188
lcl|NC_000913.3_cds_NP_414793.1_252,0.462891310453415,-0.334487617015839,7.68917605308459e-06,2.61367365563062e-05,0.462898999452591,0.462898999452591,-0.334513757935462,-0.334513757935462
lcl|NC_000913.3_cds_NP_414796.2_255,1.04296267032623,0.0182484276592731,5.2691860806596e-05,1.60386760728734e-06,1.04290997982025,1.04290997982025,0.0182468233310788,0.0182468233310788
lcl|NC_000913.3_cds_NP_414801.1_262,0.711424052715302,-0.147868782281876,1.70473989451139e-05,1.3084485980745e-05,0.711407005786896,0.711407005786896,-0.147881862288264,-0.147881862288264
lcl|NC_000913.3_cds_NP_414803.1_264,1.29787075519562,0.113270863890648,9.93055776913799e-05,6.18470615269986e-06,1.29797005653381,1.29797005653381,0.113264673641443,0.113264673641443
lcl|NC_000913.3_cds_NP_414805.1_266,1.5995500087738,0.203973382711411,0.000139960063787522,1.35463275680372e-05,1.59941005706787,1.59941005706787,0.203959822527404,0.203959822527404
lcl|NC_000913.3_cds_NP_414806.1_267,1.06633448600769,0.0278625916689634,7.45120671740872e-05,5.17861753266331e-07,1.06625998020172,1.06625998020172,0.0278631091943377,0.0278631091943377
lcl|NC_000913.3_cds_NP_414818.1_281,0.554833889007568,-0.255836188793182,3.51076164520336e-05,2.66445429498677e-05,0.554868996143341,0.554868996143341,-0.255809541143732,-0.255809541143732
lcl|NC_000913.3_cds_NP_414819.1_282,0.555319368839264,-0.255446016788483,1.36507949935616e-05,5.06664812059975e-07,0.555333018302917,0.555333018302917,-0.255446504016259,-0.255446504016259
lcl|NC_000913.3_cds_NP_414820.1_283,0.348140031099319,-0.458281099796295,2.6020374865449e-05,2.62273549943871e-06,0.348114013671875,0.348114013671875,-0.458278493412452,-0.458278493412452
lcl|NC_000913.3_cds_NP_414823.2_286,0.352839916944504,-0.452369421720505,2.70926551360744e-05,1.95221114568711e-05,0.352867007255554,0.352867007255554,-0.452388945881144,-0.452388945881144
lcl|NC_000913.3_cds_NP_414825.1_288,0.562986016273499,-0.249512031674385,1.90147407287325e-05,5.02221637288736e-06,0.562967002391815,0.562967002391815,-0.249517060031655,-0.249517060031655
lcl|NC_000913.3_cds_NP_414826.1_289,0.464028865098953,-0.333495795726776,3.68661955590661e-05,6.28848229925113e-06,0.46399199962616,0.46399199962616,-0.333489507695478,-0.333489507695478
lcl|NC_000913.3_cds_NP_414841.1_307,0.305827409029007,-0.514609694480896,3.34085994639415e-05,3.86235511128716e-05,0.30579400062561,0.30579400062561,-0.514571039266245,-0.514571039266245
lcl|NC_000913.3_cds_NP_414845.1_310,1.10051321983337,0.0415627025067806,9.32242368443198e-05,4.22488529799583e-06,1.10041999816895,1.10041999816895,0.0415584743162488,0.0415584743162488
lcl|NC_000913.3_cds_NP_414846.1_311,1.56812024116516,0.195336505770683,0.000130305609958478,6.76528718707682e-06,1.56798994541168,1.56798994541168,0.195343273484756,0.195343273484756
lcl|NC_000913.3_cds_NP_414848.1_313,0.855111062526703,-0.0679368004202843,6.69421991819746e-05,6.68399668321523e-06,0.855177998542786,0.855177998542786,-0.067943480898407,-0.067943480898407
lcl|NC_000913.3_cds_NP_414850.1_315,0.439986854791641,-0.356501400470734,3.51366679394142e-05,2.42019974667372e-05,0.440021991729736,0.440021991729736,-0.356525617495182,-0.356525617495182
lcl|NC_000913.3_cds_NP_414855.1_320,1.20314455032349,0.0803380683064461,7.5460154130565e-05,6.97390835847656e-06,1.20322000980377,1.20322000980377,0.0803450457169007,0.0803450457169007
lcl|NC_000913.3_cds_NP_414857.1_321,0.710589528083801,-0.148317441344261,9.34588950888158e-05,6.63122496753451e-06,0.710682988166809,0.710682988166809,-0.148324080271245,-0.148324080271245
lcl|NC_000913.3_cds_NP_414859.1_323,0.654748857021332,-0.183960497379303,6.38374128262148e-05,7.09308675136739e-06,0.654685020446777,0.654685020446777,-0.183967595860851,-0.183967595860851
lcl|NC_000913.3_cds_NP_414878.1_341,0.901361644268036,-0.0451131016016006,3.2664186575487e-05,3.56539317305506e-06,0.901328980922699,0.901328980922699,-0.0451166646014901,-0.0451166646014901
lcl|NC_000913.3_cds_NP_414881.1_344,1.10810542106628,0.0445556603372097,6.54475183071879e-05,2.27237303357813e-07,1.10803997516632,1.10803997516632,0.0445554288770436,0.0445554288770436
lcl|NC_000913.3_cds_NP_414884.2_347,0.530226469039917,-0.275616616010666,6.74737808115539e-05,2.27398762607157e-05,0.530158996582031,0.530158996582031,-0.275593864393908,-0.275593864393908
lcl|NC_000913.3_cds_NP_414886.1_349,1.01669526100159,0.00724024279043078,0.00011480366751376,4.07960084161849e-07,1.01681005954742,1.01681005954742,0.0072398341473738,0.0072398341473738
lcl|NC_000913.3_cds_NP_414902.1_364,0.377620309591293,-0.423031836748123,4.43186312063942e-05,3.62133613203497e-05,0.377575993537903,0.377575993537903,-0.422995626146884,-0.422995626146884
lcl|NC_000913.3_cds_NP_414910.1_370,0.617311060428619,-0.209474101662636,1.99699515791234e-05,7.79339901151501e-06,0.617331027984619,0.617331027984619,-0.209481894191395,-0.209481894191395
lcl|NC_000913.3_cds_NP_414912.1_372,0.440929293632507,-0.355643630027771,2.77170140204647e-05,3.98763342603767e-05,0.440957009792328,0.440957009792328,-0.355603749126391,-0.355603749126391
lcl|NC_000913.3_cds_NP_414915.1_375,0.856417894363403,-0.0673446133732796,6.78949167246892e-05,4.08302332193587e-06,0.856350004673004,0.856350004673004,-0.0673486955677405,-0.0673486955677405
lcl|NC_000913.3_cds_NP_414917.2_377,0.619659841060638,-0.207792267203331,4.51804141176386e-05,2.27261810203409e-05,0.619705021381378,0.619705021381378,-0.207814984809836,-0.207814984809836
lcl|NC_000913.3_cds_NP_414919.1_379,0.276589006185532,-0.558149695396423,3.30238326119066e-05,6.72402478371504e-05,0.276555985212326,0.276555985212326,-0.558216938111255,-0.558216938111255
lcl|NC_000913.3_cds_NP_414927.1_387,1.36062717437744,0.13377970457077,9.28628744917575e-05,1.09230104539065e-05,1.360720038414,1.360720038414,0.133768780398831,0.133768780398831
lcl|NC_000913.3_cds_NP_414928.2_388,0.395247906446457,-0.403135031461716,4.19057652331645e-05,4.14598280483352e-05,0.39520600438118,0.39520600438118,-0.403176465780249,-0.403176465780249
lcl|NC_000913.3_cds_NP_414933.1_392,0.44313457608223,-0.353499054908752,5.57362971594927e-06,2.92389347482956e-05,0.443129003047943,0.443129003047943,-0.353469824214681,-0.353469824214681
lcl|NC_000913.3_cds_NP_414934.1_393,0.461927384138107,-0.335393309593201,4.0620689772792e-05,5.21558702477595e-06,0.461968004703522,0.461968004703522,-0.335388102067,-0.335388102067
lcl|NC_000913.3_cds_NP_414937.2_396,0.392153352499008,-0.40649339556694,5.26663408368253e-05,7.62977605473796e-06,0.392206013202667,0.392206013202667,-0.406485752124845,-0.406485752124845
lcl|NC_000913.3_cds_NP_414939.1_398,1.03132736682892,0.0134295457974076,8.26167492371003e-05,1.78362649599688e-06,1.03140997886658,1.03140997886658,0.0134313288796213,0.0134313288796213
lcl|NC_000913.3_cds_NP_414942.1_401,2.09393835067749,0.321040064096451,0.000251550597449791,2.4022938803132e-05,2.09418988227844,2.09418988227844,0.321016057040551,0.321016057040551
lcl|NC_000913.3_cds_NP_414944.1_403,1.01853120326996,0.00793974567204714,8.11903575409999e-05,2.42155981117906e-08,1.01845002174377,1.01845002174377,0.00793972178639861,0.00793972178639861
lcl|NC_000913.3_cds_NP_414948.1_407,0.392346680164337,-0.406264632940292,2.63177583064452e-05,3.62699344755357e-05,0.392372995615005,0.392372995615005,-0.406300889821538,-0.406300889821538
lcl|NC_000913.3_cds_NP_414959.1_418,0.451880723237991,-0.344970405101776,1.3262449935069e-05,6.97390835847656e-06,0.451893985271454,0.451893985271454,-0.344963439108722,-0.344963439108722
lcl|NC_000913.3_cds_NP_414968.4_427,2.24751257896423,0.35173973441124,3.74356481394925e-05,3.03697436673579e-05,2.24755001068115,2.24755001068115,0.351709364085452,0.351709364085452
lcl|NC_000913.3_cds_NP_414970.1_429,4.84083652496338,0.684948563575745,2.33647237722039e-05,2.60489708769457e-05,4.84085988998413,4.84085988998413,0.684922512947164,0.684922512947164
lcl|NC_000913.3_cds_NP_414973.1_432,1.8309383392334,0.262690514326096,1.66901353024411e-06,1.63925912720547e-05,1.83094000816345,1.83094000816345,0.262674114618241,0.262674114618241
lcl|NC_000913.3_cds_NP_414974.1_433,2.78710722923279,0.445132613182068,4.72072431935278e-05,1.37093016331513e-05,2.78706002235413,2.78706002235413,0.445146321815741,0.445146321815741
lcl|NC_000913.3_cds_NP_414975.1_434,2.09433197975159,0.321044683456421,2.19356063377787e-05,3.6956728042464e-06,2.09431004524231,2.09431004524231,0.321040975800515,0.321040975800515
lcl|NC_000913.3_cds_NP_414976.1_435,0.626345098018646,-0.203216403722763,3.0995965583092e-06,2.79421666148949e-05,0.626341998577118,0.626341998577118,-0.203188466250545,-0.203188466250545
lcl|NC_000913.3_cds_NP_414979.1_438,0.255766272544861,-0.592243432998657,1.02828080826308e-05,6.92667619574414e-05,0.255755990743637,0.255755990743637,-0.592174184726525,-0.592174184726525
lcl|NC_000913.3_cds_NP_414986.1_445,0.881467700004578,-0.0547828078269958,1.53190468874899e-05,3.24106143584158e-06,0.881483018398285,0.881483018398285,-0.0547860498841798,-0.0547860498841798
lcl|NC_000913.3_cds_NP_414987.3_446,1.00749456882477,0.00323665468022227,1.45431874149e-05,2.10266906982573e-07,1.00748002529144,1.00748002529144,0.00323644439954952,0.00323644439954952
lcl|NC_000913.3_cds_NP_414995.1_454,1.87614047527313,0.273262232542038,3.05191042189519e-05,3.93410322159899e-06,1.87610995769501,1.87610995769501,0.273258288531713,0.273258288531713
lcl|NC_000913.3_cds_NP_414996.1_455,1.4286572933197,0.154905304312706,9.7273008918295e-05,6.81050186746221e-06,1.42856001853943,1.42856001853943,0.154898491252136,0.154898491252136
lcl|NC_000913.3_cds_NP_415003.1_462,0.781257510185242,-0.107178598642349,3.95194878460359e-05,5.23072281037264e-06,0.781297028064728,0.781297028064728,-0.107183827677553,-0.107183827677553
lcl|NC_000913.3_cds_NP_415004.1_463,3.0727858543396,0.487598299980164,0.000434167335290852,4.64939474418696e-06,3.07322001457214,3.07322001457214,0.487593652900128,0.487593652900128
lcl|NC_000913.3_cds_NP_415006.1_465,3.11132049560547,0.492961972951889,9.0599506111992e-05,2.98627114894854e-05,3.11122989654541,3.11122989654541,0.492932103398055,0.492932103398055
lcl|NC_000913.3_cds_NP_415007.1_466,3.29250550270081,0.517532229423523,0.000385549031437374,5.65671062197261e-05,3.2921199798584,3.2921199798584,0.517475654499202,0.517475654499202
lcl|NC_000913.3_cds_NP_415013.1_472,0.808601438999176,-0.0922282934188843,5.15586917239164e-05,9.50737036436623e-06,0.808652997016907,0.808652997016907,-0.0922377995373819,-0.0922377995373819
lcl|NC_000913.3_cds_NP_415017.1_476,1.10485303401947,0.0433434098958969,0.000106943946931444,3.1329897662453e-06,1.1049599647522,1.1049599647522,0.0433465428155316,0.0433465428155316
lcl|NC_000913.3_cds_NP_415028.1_487,0.520995914936066,-0.283186495304108,5.90090539919098e-06,1.58853778062322e-05,0.520990014076233,0.520990014076233,-0.283170600833203,-0.283170600833203
lcl|NC_000913.3_cds_NP_415029.1_488,0.531925559043884,-0.274147421121597,4.24385188524124e-05,3.29322000373505e-05,0.531967997550964,0.531967997550964,-0.274114493466365,-0.274114493466365
lcl|NC_000913.3_cds_NP_415030.1_489,0.289800256490707,-0.537902772426605,2.27398762607157e-05,3.55838543703829e-05,0.289822995662689,0.289822995662689,-0.537867158915899,-0.537867158915899
lcl|NC_000913.3_cds_NP_415049.1_507,0.492521107196808,-0.307597130537033,1.58853778062322e-05,3.59740989953065e-05,0.492536991834641,0.492536991834641,-0.307561146392048,-0.307561146392048
lcl|NC_000913.3_cds_NP_415050.1_508,0.327411383390427,-0.484863221645355,3.46333809787207e-05,2.92059047152549e-06,0.327446013689041,0.327446013689041,-0.484860292281723,-0.484860292281723
lcl|NC_000913.3_cds_NP_415054.1_512,0.347096800804138,-0.459636032581329,4.18135531134985e-05,3.43339924736831e-05,0.347054988145828,0.347054988145828,-0.459601709196674,-0.459601709196674
lcl|NC_000913.3_cds_NP_415055.1_513,1.15232741832733,0.0615602843463421,4.74501829231663e-05,2.27269396282877e-06,1.15227997303009,1.15227997303009,0.0615580137826916,0.0615580137826916
lcl|NC_000913.3_cds_NP_415058.1_516,3.35547661781311,0.525832056999207,0.000113489388021878,6.31846978414206e-05,3.35559010505676,3.35559010505676,0.525768905081546,0.525768905081546
lcl|NC_000913.3_cds_NP_415059.1_517,1.81640899181366,0.25925350189209,3.09937543953301e-05,3.24555380978079e-05,1.81643998622894,1.81643998622894,0.259221053682265,0.259221053682265
lcl|NC_000913.3_cds_NP_415084.1_546,0.469225734472275,-0.328628450632095,3.67495445134825e-05,2.37544397066884e-05,0.469188988208771,0.469188988208771,-0.328652189259592,-0.328652189259592
lcl|NC_000913.3_cds_NP_415100.1_564,0.54198294878006,-0.266041338443756,2.99231670127355e-05,2.98038124665637e-06,0.541953027248383,0.541953027248383,-0.266038353481664,-0.266038353481664
lcl|NC_000913.3_cds_NP_415104.1_568,0.294609785079956,-0.530762434005737,1.47826912169856e-05,1.21591261147869e-05,0.294595003128052,0.294595003128052,-0.530774623862425,-0.530774623862425
lcl|NC_000913.3_cds_NP_415106.1_570,0.790495693683624,-0.10215849429369,8.86920168590029e-05,9.26881011463866e-06,0.790407001972198,0.790407001972198,-0.102149221122327,-0.102149221122327
lcl|NC_000913.3_cds_NP_415107.1_571,0.656593680381775,-0.182739272713661,5.46576278515184e-05,1.93724784894325e-07,0.656539022922516,0.656539022922516,-0.182739455505574,-0.182739455505574
lcl|NC_000913.3_cds_NP_415110.1_574,1.69708573818207,0.229709133505821,0.000105748164722044,3.24124405224282e-05,1.69697999954224,1.69697999954224,0.229676723791082,0.229676723791082
lcl|NC_000913.3_cds_NP_415116.1_581,1.4010819196701,0.146396487951279,0.000191941236696239,7.55499136294423e-06,1.40088999271393,1.40088999271393,0.146404032906696,0.146404032906696
lcl|NC_000913.3_cds_NP_415118.1_584,0.605600833892822,-0.217778906226158,3.117359604606e-05,1.22786839757294e-05,0.60563200712204,0.60563200712204,-0.217791180817822,-0.217791180817822
lcl|NC_000913.3_cds_NP_415124.1_590,0.417672157287598,-0.379163563251495,2.51539291970045e-05,2.70611487483073e-05,0.417647004127502,0.417647004127502,-0.379190629535414,-0.379190629535414
lcl|NC_000913.3_cds_NP_415125.1_591,0.728515088558197,-0.137572690844536,1.21009987333686e-05,4.02341462993127e-06,0.728502988815308,0.728502988815308,-0.137568662118654,-0.137568662118654
lcl|NC_000913.3_cds_NP_415126.1_592,0.836943864822388,-0.0772657617926598,8.61351462867812e-05,6.78007465331341e-06,0.837029993534088,0.837029993534088,-0.0772589795300831,-0.0772589795300831
lcl|NC_000913.3_cds_NP_415128.1_594,0.673453092575073,-0.171660304069519,2.99231670127355e-05,1.30547226931792e-05,0.67348301410675,0.67348301410675,-0.17167335312991,-0.17167335312991
lcl|NC_000913.3_cds_NP_415129.1_595,0.458713382482529,-0.338434517383575,1.56175810409819e-05,9.29878948837392e-06,0.45872899889946,0.45872899889946,-0.338443804747161,-0.338443804747161
lcl|NC_000913.3_cds_NP_415139.2_605,2.38281464576721,0.377134323120117,3.52877147708732e-05,3.76440715533186e-05,2.38284993171692,2.38284993171692,0.377096691998373,0.377096691998373
lcl|NC_000913.3_cds_NP_415143.1_608,1.10456573963165,0.0432360954582691,0.000104308681827167,3.51658820906499e-06,1.10467004776001,1.10467004776001,0.0432325786224979,0.0432325786224979
lcl|NC_000913.3_cds_NP_415153.1_618,0.263500034809113,-0.579144716262817,2.0266592482399e-06,7.79707840867532e-05,0.26349800825119,0.26349800825119,-0.579222663217228,-0.579222663217228
lcl|NC_000913.3_cds_NP_415161.1_625,1.50466704368591,0.177394688129425,0.000137106632776804,6.15478698864868e-06,1.50452995300293,1.50452995300293,0.177400838333593,0.177400838333593
lcl|NC_000913.3_cds_NP_415164.1_628,1.65698826313019,0.219261035323143,0.000158309167899929,1.69134743810975e-05,1.65682995319366,1.65682995319366,0.219277937399843,0.219277937399843
lcl|NC_000913.3_cds_NP_415166.1_630,0.595078349113464,-0.225452274084091,4.33352950522848e-05,5.20079178389267e-06,0.595035016536713,0.595035016536713,-0.225457476219019,-0.225457476219019
lcl|NC_000913.3_cds_NP_415168.1_632,1.29099714756012,0.110895492136478,8.7146577081649e-05,4.76861003421123e-07,1.29091000556946,1.29091000556946,0.110895966939613,0.110895966939613
lcl|NC_000913.3_cds_NP_415174.1_638,1.05661690235138,0.0238792225718498,9.69235259698808e-05,1.50503089592286e-06,1.05651998519897,1.05651998519897,0.0238777166079661,0.0238777166079661
lcl|NC_000913.3_cds_NP_415183.1_647,0.299738198518753,-0.523284494876862,1.0193493675336e-05,1.1801810798382e-05,0.299728006124496,0.299728006124496,-0.523272675349087,-0.523272675349087
lcl|NC_000913.3_cds_NP_415184.1_648,1.05431294441223,0.0229374151676893,7.29582886931879e-05,2.07144701306532e-06,1.05423998832703,1.05423998832703,0.0229394853947762,0.0229394853947762
lcl|NC_000913.3_cds_NP_415188.1_652,1.96952402591705,0.294412434101105,6.59287660227828e-05,3.66006766933623e-05,1.96958994865417,1.96958994865417,0.294375819271661,0.294375819271661
lcl|NC_000913.3_cds_NP_415189.1_653,0.465058118104935,-0.332501888275146,2.18764271777966e-05,2.95349162647473e-05,0.465079993009567,0.465079993009567,-0.332472342734094,-0.332472342734094
lcl|NC_000913.3_cds_NP_415192.1_656,0.786519706249237,-0.104313246905804,5.37096971201105e-05,6.80261087158305e-06,0.786466002464294,0.786466002464294,-0.104320046418039,-0.104320046418039
lcl|NC_000913.3_cds_NP_415194.1_658,1.6933559179306,0.228753343224525,4.58977196784413e-05,1.68684452028885e-05,1.69331002235413,1.69331002235413,0.228736478883555,0.228736478883555
lcl|NC_000913.3_cds_NP_415195.1_659,0.507654905319214,-0.294433623552322,3.93410322159899e-06,1.16234868604674e-06,0.507650971412659,0.507650971412659,-0.294434778437288,-0.294434778437288
lcl|NC_000913.3_cds_NP_415206.1_666,2.46615767478943,0.392026871442795,0.000237710161060542,4.78953826843074e-05,2.46591997146606,2.46591997146606,0.39197897797153,0.39197897797153
lcl|NC_000913.3_cds_NP_415209.1_669,1.65352284908295,0.218419998884201,0.000127208726651579,2.36200491282655e-05,1.6536500453949,1.6536500453949,0.218443607130337,0.218443607130337
lcl|NC_000913.3_cds_NP_415213.1_674,0.73877626657486,-0.131469681859016,3.17121742887705e-05,1.25176012061614e-06,0.73880797624588,0.73880797624588,-0.131468424519191,-0.131468424519191
lcl|NC_000913.3_cds_NP_415214.1_675,2.38281512260437,0.377134889364243,5.48372065326053e-05,3.45442889193078e-05,2.38286995887756,2.38286995887756,0.377100342101844,0.377100342101844
lcl|NC_000913.3_cds_NP_415220.1_680,1.02150774002075,0.00927721057087183,8.22624646610462e-05,5.79300632164916e-07,1.02158999443054,1.02158999443054,0.00927663074627181,0.00927663074627181
lcl|NC_000913.3_cds_NP_415223.1_683,0.34893074631691,-0.457246690988541,9.26881011463866e-06,2.5331896133875e-06,0.348940014839172,0.348940014839172,-0.457249224798432,-0.457249224798432
lcl|NC_000913.3_cds_NP_415229.1_689,0.53546667098999,-0.271262168884277,3.06974770761595e-05,3.02798323639841e-05,0.535435974597931,0.535435974597931,-0.271292453013666,-0.271292453013666
lcl|NC_000913.3_cds_NP_415240.1_701,0.630340695381165,-0.200445339083672,4.57190112610939e-05,1.08185515389724e-05,0.630294978618622,0.630294978618622,-0.200456152761599,-0.200456152761599
lcl|NC_000913.3_cds_NP_415242.1_703,0.343334496021271,-0.464193224906921,4.75088794133767e-05,2.92664353897494e-05,0.343382000923157,0.343382000923157,-0.464222473020817,-0.464222473020817
lcl|NC_000913.3_cds_NP_415246.2_707,0.556649148464203,-0.254394859075546,2.48580590870589e-05,4.2025154898219e-06,0.556674003601074,0.556674003601074,-0.25439905955568,-0.25439905955568
lcl|NC_000913.3_cds_NP_415251.1_712,2.23228669166565,0.348691046237946,0.000136628219618504,3.23381222389614e-05,2.23215007781982,2.23215007781982,0.348723390882856,0.348723390882856
lcl|NC_000913.3_cds_NP_415255.1_715,2.82464361190796,0.450963079929352,6.62863044180904e-05,1.0789601579214e-05,2.82470989227295,2.82470989227295,0.450973850861752,0.450973850861752
lcl|NC_000913.3_cds_NP_415257.1_717,3.40234208106995,0.531747281551361,3.21873170394502e-05,2.65847427780192e-05,3.40230989456177,3.40230989456177,0.531773868173874,0.531773868173874
lcl|NC_000913.3_cds_NP_415260.1_720,0.420647859573364,-0.376039683818817,4.14289402613065e-06,3.73754556766336e-05,0.420652002096176,0.420652002096176,-0.376077039715796,-0.376077039715796
lcl|NC_000913.3_cds_NP_415268.1_729,1.8582718372345,0.269114077091217,3.81488803646347e-05,4.08302332193587e-06,1.85830998420715,1.85830998420715,0.269118160250565,0.269118160250565
lcl|NC_000913.3_cds_NP_415269.1_730,4.06015110015869,0.608531355857849,0.00025895295373278,3.85645851819626e-05,4.0604100227356,4.0604100227356,0.60856989111916,0.60856989111916
lcl|NC_000913.3_cds_NP_415277.1_738,1.12855184078217,0.0524664968252182,0.000131857532045566,4.27682187563412e-06,1.12841999530792,1.12841999530792,0.0524707731364272,0.0524707731364272
lcl|NC_000913.3_cds_NP_415281.1_742,0.46528834104538,-0.332293033599854,4.73595005499345e-05,2.89992973481089e-05,0.465240985155106,0.465240985155106,-0.332322033318793,-0.332322033318793
lcl|NC_000913.3_cds_NP_415284.1_745,1.26369047164917,0.101672992110252,7.95190020312057e-05,4.95463452140839e-06,1.2637699842453,1.2637699842453,0.101668036238097,0.101668036238097
lcl|NC_000913.3_cds_NP_415287.1_748,0.852546095848083,-0.0692579597234726,4.58977196784413e-05,7.89744417131397e-07,0.852591991424561,0.852591991424561,-0.0692587510889058,-0.0692587510889058
lcl|NC_000913.3_cds_NP_415288.1_749,1.0829371213913,0.0345742888748646,7.71291703639252e-05,1.97818428604523e-06,1.08285999298096,1.08285999298096,0.034572308696941,0.034572308696941
lcl|NC_000913.3_cds_NP_415292.2_753,1.23858773708344,0.0929567590355873,9.22704976702793e-05,2.36935940169061e-06,1.23868000507355,1.23868000507355,0.092959127215491,0.092959127215491
lcl|NC_000913.3_cds_NP_415293.1_754,1.50807690620422,0.178468987345695,0.000203153239872951,1.29939930569319e-05,1.50828003883362,1.50828003883362,0.178481983462848,0.178481983462848
lcl|NC_000913.3_cds_NP_415296.1_757,0.734836041927338,-0.133833572268486,5.50188970434789e-05,8.49382445191307e-06,0.73478102684021,0.73478102684021,-0.133842066363214,-0.133842066363214
lcl|NC_000913.3_cds_NP_415297.1_758,0.579727828502655,-0.236790016293526,2.51539291970045e-05,3.30092253561853e-05,0.57975298166275,0.57975298166275,-0.236757009112831,-0.236757009112831
lcl|NC_000913.3_cds_NP_415301.1_762,0.401122063398361,-0.396729320287704,1.406635283626e-05,9.35891203487311e-06,0.401107996702194,0.401107996702194,-0.396738679606443,-0.396738679606443
lcl|NC_000913.3_cds_NP_415306.1_767,1.10644400119781,0.0439165756106377,2.39635737626953e-05,3.45724225936798e-06,1.10642004013062,1.10642004013062,0.0439200333696223,0.0439200333696223
lcl|NC_000913.3_cds_NP_415314.1_775,0.893528342247009,-0.0489213019609451,6.93255605752279e-05,4.06079967648001e-06,0.893459022045135,0.893459022045135,-0.0489253613539541,-0.0489253613539541
lcl|NC_000913.3_cds_NP_415315.4_776,0.642051517963409,-0.192496865987778,6.85533163884018e-05,2.03709841983517e-05,0.641982972621918,0.641982972621918,-0.192476490614027,-0.192476490614027
lcl|NC_000913.3_cds_NP_415316.1_777,0.785770177841187,-0.104659803211689,9.78197210897866e-05,9.40279617303038e-06,0.785867989063263,0.785867989063263,-0.104650401080719,-0.104650401080719
lcl|NC_000913.3_cds_NP_415318.1_779,1.7766147851944,0.249593064188957,3.51705365359682e-05,8.8219286927183e-06,1.77664995193481,1.77664995193481,0.249601868481418,0.249601868481418
lcl|NC_000913.3_cds_NP_415320.1_781,0.45867046713829,-0.338550120592117,1.24578564622752e-05,3.91025791353198e-05,0.458658009767532,0.458658009767532,-0.338511017794744,-0.338511017794744
lcl|NC_000913.3_cds_NP_415321.1_782,0.792455196380615,-0.101062439382076,5.72233207894719e-05,5.7965669670638e-06,0.792397975921631,0.792397975921631,-0.101056642481281,-0.101056642481281
lcl|NC_000913.3_cds_NP_415322.1_783,0.602664113044739,-0.219942703843117,1.18625457307916e-05,2.65693836223629e-05,0.602675974369049,0.602675974369049,-0.219916121302825,-0.219916121302825
lcl|NC_000913.3_cds_NP_415325.4_786,0.529937744140625,-0.275788605213165,1.52595521094759e-05,2.59596982081646e-05,0.529953002929688,0.529953002929688,-0.275762642612978,-0.275762642612978
lcl|NC_000913.3_cds_NP_415326.1_787,0.863192677497864,-0.0639222338795662,5.66839192504418e-05,1.46029523576275e-06,0.863135993480682,0.863135993480682,-0.0639207725753765,-0.0639207725753765
lcl|NC_000913.3_cds_NP_415327.2_788,0.621580004692078,-0.206535518169403,1.90147407287325e-05,1.92689285786635e-05,0.621560990810394,0.621560990810394,-0.206516249688806,-0.206516249688806
lcl|NC_000913.3_cds_NP_415328.4_789,0.598301351070404,-0.223053559660912,3.2664186575487e-05,2.75695346194232e-06,0.598334014415741,0.598334014415741,-0.223056307448506,-0.223056307448506
lcl|NC_000913.3_cds_NP_415329.4_790,0.69005024433136,-0.161123558878899,2.07423869434578e-05,1.7331390143807e-05,0.690070986747742,0.690070986747742,-0.161106231629267,-0.161106231629267
lcl|NC_000913.3_cds_NP_415340.1_801,1.86713647842407,0.271152675151825,0.000156538882080317,1.30244854384728e-05,1.86697995662689,1.86697995662689,0.271139655510372,0.271139655510372
lcl|NC_000913.3_cds_NP_415341.1_802,1.85545802116394,0.268461614847183,6.80743758162857e-05,2.64370411805111e-05,1.85538995265961,1.85538995265961,0.268435200468684,0.268435200468684
lcl|NC_000913.3_cds_NP_415344.1_805,1.73936915397644,0.240400418639183,9.08399083549094e-05,1.40373713617514e-05,1.73945999145508,1.73945999145508,0.240414444184436,0.240414444184436
lcl|NC_000913.3_cds_NP_415348.1_809,1.04755961894989,0.0201768837869167,3.57645754934199e-07,2.01353319087943e-06,1.04755997657776,1.04755997657776,0.020178897271835,0.020178897271835
lcl|NC_000913.3_cds_NP_415356.1_817,1.78715217113495,0.252195805311203,9.78694699982685e-05,1.04909419977548e-05,1.78725004196167,1.78725004196167,0.252185315934671,0.252185315934671
lcl|NC_000913.3_cds_NP_415358.1_819,0.461631387472153,-0.335696935653687,6.37777831797449e-06,1.37390655708161e-05,0.461625009775162,0.461625009775162,-0.335710670144542,-0.335710670144542
lcl|NC_000913.3_cds_NP_415381.1_842,1.05656361579895,0.0238505061715841,0.000103600250060736,2.56117323218645e-06,1.05646002292633,1.05646002292633,0.0238530677385603,0.0238530677385603
lcl|NC_000913.3_cds_NP_415384.1_845,2.2775092124939,0.357477843761444,0.000230793748775484,2.63177583064452e-05,2.27774000167847,2.27774000167847,0.357504148943858,0.357504148943858
lcl|NC_000913.3_cds_NP_415386.1_847,0.640507876873016,-0.193481430411339,7.86820644319798e-06,5.66272438664462e-07,0.640500009059906,0.640500009059906,-0.193480859776177,-0.193480859776177
lcl|NC_000913.3_cds_NP_415399.4_860,0.483240574598312,-0.315843731164932,1.3411587817581e-05,1.91636616572179e-05,0.483253985643387,0.483253985643387,-0.315824555435381,-0.315824555435381
lcl|NC_000913.3_cds_NP_415400.1_861,0.365949749946594,-0.436577975749969,4.17554241162884e-05,5.01278362599248e-05,0.365907996892929,0.365907996892929,-0.436628098935038,-0.436628098935038
lcl|NC_000913.3_cds_NP_415408.1_869,1.63007831573486,0.212252169847488,0.000111709146635982,1.39324303289408e-05,1.63019001483917,1.63019001483917,0.21223822869018,0.21223822869018
lcl|NC_000913.3_cds_NP_415411.2_872,1.1526083946228,0.0616874620318413,2.15792031584279e-05,2.44391119595748e-06,1.15262997150421,1.15262997150421,0.0616899082261288,0.0616899082261288
lcl|NC_000913.3_cds_NP_415413.1_874,2.25602769851685,0.353342026472092,0.000232231850729463,4.71170216419133e-05,2.25625991821289,2.25625991821289,0.353389128353627,0.353389128353627
lcl|NC_000913.3_cds_NP_415414.4_875,1.36138761043549,0.134024456143379,0.000112423295647406,6.81050186746221e-06,1.36150002479553,1.36150002479553,0.134017653585321,0.134017653585321
lcl|NC_000913.3_cds_NP_415415.1_876,1.11166548728943,0.0459895804524422,3.45716670275499e-05,1.94834975287875e-06,1.1117000579834,1.1117000579834,0.0459876283126445,0.0459876283126445
lcl|NC_000913.3_cds_NP_415425.4_886,1.41700875759125,0.151377499103546,8.13052171692997e-05,1.99539067639122e-05,1.41709005832672,1.41709005832672,0.151397451229471,0.151397451229471
lcl|NC_000913.3_cds_NP_415438.1_899,1.24607396125793,0.0955168977379799,9.3946795448249e-05,5.81170658576346e-06,1.24598002433777,1.24598002433777,0.0955110797313203,0.0955110797313203
lcl|NC_000913.3_cds_NP_415439.1_900,0.250325202941895,-0.601529240608215,7.80879052049096e-06,4.73275165836184e-05,0.25033301115036,0.25033301115036,-0.601481876659745,-0.601481876659745
lcl|NC_000913.3_cds_NP_415440.1_901,0.44385102391243,-0.352768987417221,2.19664281399687e-05,2.76891453105362e-05,0.44387298822403,0.44387298822403,-0.352741283048949,-0.352741283048949
lcl|NC_000913.3_cds_NP_415445.1_906,0.503906190395355,-0.297624498605728,3.2188118280911e-06,2.85812458284925e-05,0.503902971744537,0.503902971744537,-0.297653080405,-0.297653080405
lcl|NC_000913.3_cds_NP_415448.1_909,1.87694048881531,0.273436427116394,9.04810041783186e-05,6.85465081657567e-06,1.87685000896454,1.87685000896454,0.273429566770598,0.273429566770598
lcl|NC_000913.3_cds_NP_415452.1_913,1.50759994983673,0.178231403231621,0.000119931866037721,2.01629381832447e-05,1.50748002529144,1.50748002529144,0.178251566276085,0.178251566276085
lcl|NC_000913.3_cds_NP_415453.1_914,0.291419148445129,-0.535597860813141,2.81635287478855e-05,7.39734165467166e-05,0.291390985250473,0.291390985250473,-0.535523888106642,-0.535523888106642
lcl|NC_000913.3_cds_NP_415468.1_929,1.44407212734222,0.159545764327049,0.00015211792582986,2.62273549943871e-06,1.44392001628876,1.44392001628876,0.159543136830224,0.159543136830224
lcl|NC_000913.3_cds_NP_415469.1_930,1.1662939786911,0.0668338462710381,7.60589629149299e-05,2.51110818644368e-06,1.16637003421783,1.16637003421783,0.066836353445596,0.066836353445596
lcl|NC_000913.3_cds_NP_415471.1_932,0.611938953399658,-0.213283762335777,2.0266592482399e-06,6.70579390879048e-06,0.611940979957581,0.611940979957581,-0.213290462355708,-0.213290462355708
lcl|NC_000913.3_cds_NP_415477.1_938,5.90317296981812,0.771028399467468,0.000357169373974556,8.33903809413802e-05,5.90353012084961,5.90353012084961,0.771111783428288,0.771111783428288
lcl|NC_000913.3_cds_NP_415483.2_944,0.694858491420746,-0.158073127269745,6.95042361303553e-05,1.29195650951349e-05,0.694927990436554,0.694927990436554,-0.158060195375772,-0.158060195375772
lcl|NC_000913.3_cds_NP_415486.4_947,1.01464688777924,0.00630279071629047,2.69417310989109e-05,6.0536204657697e-07,1.0146199464798,1.0146199464798,0.00630339588889481,0.00630339588889481
lcl|NC_000913.3_cds_NP_415488.1_949,0.387952357530594,-0.411147862672806,2.86429709992096e-05,4.16951904706901e-05,0.387980997562408,0.387980997562408,-0.411189544652916,-0.411189544652916
lcl|NC_000913.3_cds_NP_415496.1_957,0.308185368776321,-0.511190891265869,2.96264315751775e-05,4.46461717468195e-05,0.308214992284775,0.308214992284775,-0.511146240023214,-0.511146240023214
lcl|NC_000913.3_cds_NP_415497.1_958,0.65054190158844,-0.186671108007431,6.312141379614e-05,1.14892881098479e-05,0.650605022907257,0.650605022907257,-0.186682588129966,-0.186682588129966
lcl|NC_000913.3_cds_NP_415500.1_961,0.256177842617035,-0.591443479061127,4.82794388910895e-06,2.31862678682552e-05,0.256173014640808,0.256173014640808,-0.591466620921702,-0.591466620921702
lcl|NC_000913.3_cds_NP_415501.1_962,0.904914259910583,-0.0433958806097507,4.23186132301052e-06,1.28153192724575e-06,0.904910027980804,0.904910027980804,-0.0433945990201122,-0.0433945990201122
lcl|NC_000913.3_cds_NP_415502.4_963,0.499352097511292,-0.301577121019363,4.91791038600802e-06,1.17133097398278e-05,0.499357014894485,0.499357014894485,-0.301588844839284,-0.301588844839284
lcl|NC_000913.3_cds_NP_415504.1_965,0.895417451858521,-0.048010278493166,7.84419799365736e-05,2.21290327978313e-06,0.895339012145996,0.895339012145996,-0.0480124918048566,-0.0480124918048566
lcl|NC_000913.3_cds_NP_415507.2_968,1.20312464237213,0.0803075954318047,1.46634822592942e-05,2.26508975465785e-06,1.20310997962952,1.20310997962952,0.080305329221021,0.080305329221021
lcl|NC_000913.3_cds_NP_415510.1_972,1.01181292533875,0.0051500778645277,0.000117065741558997,3.89308014446101e-07,1.01192998886108,1.01192998886108,0.0051504665521096,0.0051504665521096
lcl|NC_000913.3_cds_NP_415513.2_976,0.476123481988907,-0.32226100564003,4.45282451838971e-05,2.12192594262062e-05,0.476168006658554,0.476168006658554,-0.322239787844239,-0.322239787844239
lcl|NC_000913.3_cds_NP_415514.1_977,0.308609902858734,-0.510558545589447,2.30972192422414e-05,8.94114387335498e-07,0.308632999658585,0.308632999658585,-0.510557640154204,-0.510557640154204
lcl|NC_000913.3_cds_NP_415516.1_979,1.01141738891602,0.00494003808125854,2.2649876527998e-05,1.03846651476637e-07,1.01144003868103,1.01144003868103,0.00494014153902031,0.00494014153902031
lcl|NC_000913.3_cds_NP_415517.1_980,1.0965940952301,0.0400067120790482,0.000104081499461796,2.02306995103734e-06,1.09649002552032,1.09649002552032,0.0400046853695055,0.0400046853695055
lcl|NC_000913.3_cds_NP_415520.1_983,1.01035237312317,0.00445522787049413,4.23219250880104e-05,5.53225819945783e-07,1.01031005382538,1.01031005382538,0.00445467477399985,0.00445467477399985
lcl|NC_000913.3_cds_NP_415524.1_987,1.3274484872818,0.123058788478374,0.000161534069336,1.17433494310311e-05,1.32761001586914,1.32761001586914,0.123070520190537,0.123070520190537
lcl|NC_000913.3_cds_NP_415534.1_997,1.11416912078857,0.0468991734087467,0.000139125712730457,2.28379314070588e-06,1.11403000354767,1.11403000354767,0.0468968876058595,0.0468968876058595
lcl|NC_000913.3_cds_NP_415537.1_1000,1.15723061561584,0.0634340047836304,2.93269645185883e-05,3.08466015447949e-06,1.15725994110107,1.15725994110107,0.0634309201498554,0.0634309201498554
lcl|NC_000913.3_cds_NP_415560.1_1021,2.69287705421448,0.430175989866257,0.000226978776043756,3.93410322159899e-06,2.69265007972717,2.69265007972717,0.430179918833861,0.430179918833861
lcl|NC_000913.3_cds_NP_415566.1_1027,1.14258253574371,0.0579007565975189,3.74356481394925e-05,1.05796533075263e-06,1.14261996746063,1.14261996746063,0.0579018091540765,0.0579018091540765
lcl|NC_000913.3_cds_NP_415574.1_1034,1.16822683811188,0.0675276592373848,1.31127128171811e-05,4.39631706699603e-06,1.16823995113373,1.16823995113373,0.06753205403537,0.06753205403537
lcl|NC_000913.3_cds_NP_415577.1_1037,0.552698314189911,-0.257562637329102,4.13083746185502e-05,1.8328339678998e-05,0.552657008171082,0.552657008171082,-0.257544318375111,-0.257544318375111
lcl|NC_000913.3_cds_NP_415581.1_1041,0.587932646274567,-0.230611175298691,7.23627666985517e-05,7.80879052049096e-06,0.588005006313324,0.588005006313324,-0.230618976296318,-0.230618976296318
lcl|NC_000913.3_cds_NP_415585.1_1045,0.573721766471863,-0.241313204169273,3.07567042123383e-05,8.76274833070504e-06,0.573691010475159,0.573691010475159,-0.241321955297307,-0.241321955297307
lcl|NC_000913.3_cds_NP_415586.1_1046,0.43674898147583,-0.359806895256042,6.97390835847656e-06,3.18605800694576e-05,0.436742007732391,0.436742007732391,-0.359775033750823,-0.359775033750823
lcl|NC_000913.3_cds_NP_415591.1_1051,0.531211793422699,-0.274748891592026,5.18001250303678e-05,2.57504946247288e-05,0.531159996986389,0.531159996986389,-0.274774640233149,-0.274774640233149
lcl|NC_000913.3_cds_NP_415593.1_1053,0.856977343559265,-0.0670166164636612,2.66445429498677e-05,5.43884609209001e-07,0.85700398683548,0.85700398683548,-0.0670171577073483,-0.0670171577073483
lcl|NC_000913.3_cds_NP_415594.1_1054,1.11203455924988,0.0461200326681137,1.54968771976651e-05,4.30662591382492e-06,1.11205005645752,1.11205005645752,0.046124336485252,0.046124336485252
lcl|NC_000913.3_cds_NP_415595.1_1055,0.431640714406967,-0.364921987056732,3.27817820429527e-06,4.76860999465019e-05,0.43164399266243,0.43164399266243,-0.364874298936103,-0.364874298936103
lcl|NC_000913.3_cds_NP_415596.1_1056,0.929359197616577,-0.0317987017333508,4.17876544811113e-05,1.82556311931039e-06,0.929400980472565,0.929400980472565,-0.0317968736974776,-0.0317968736974776
lcl|NC_000913.3_cds_NP_415597.1_1057,0.831048548221588,-0.0803871974349022,3.85645851819626e-05,6.564411294969e-06,0.831009984016418,0.831009984016418,-0.0803937584334695,-0.0803937584334695
lcl|NC_000913.3_cds_NP_415598.3_1058,0.48189389705658,-0.317118972539902,3.29011717110054e-05,4.07419683967033e-05,0.481860995292664,0.481860995292664,-0.317078226665671,-0.317078226665671
lcl|NC_000913.3_cds_NP_415599.1_1059,0.800685584545135,-0.096560887992382,5.56118902074964e-05,7.27159370745e-06,0.80062997341156,0.80062997341156,-0.0965681551207771,-0.0965681551207771
lcl|NC_000913.3_cds_NP_415600.1_1060,0.721671104431152,-0.141690373420715,4.81038841606643e-05,7.45095311664091e-07,0.721623003482819,0.721623003482819,-0.141689631055889,-0.141689631055889
lcl|NC_000913.3_cds_NP_415602.1_1062,2.15290117263794,0.333008021116257,6.12761875499595e-05,3.72550461290469e-06,2.15283989906311,2.15283989906311,0.333011733707003,0.333011733707003
lcl|NC_000913.3_cds_NP_415604.1_1064,0.802858471870422,-0.0952920243144035,0.000107530198788241,1.08185515389724e-05,0.802965998649597,0.802965998649597,-0.0953028443993967,-0.0953028443993967
lcl|NC_000913.3_cds_NP_415607.1_1067,3.20896100997925,0.506347715854645,0.000101087285392819,3.03978152869672e-06,3.20885992050171,3.20885992050171,0.506350758827826,0.506350758827826
lcl|NC_000913.3_cds_NP_415620.1_1080,0.779417216777802,-0.108200341463089,6.58023434220108e-05,6.9962494074168e-06,0.779483020305634,0.779483020305634,-0.108193340729,-0.108193340729
lcl|NC_000913.3_cds_NP_415623.1_1083,0.605916380882263,-0.217638775706291,6.73573199187328e-05,3.18888915898725e-06,0.605849027633667,0.605849027633667,-0.217635584801106,-0.217635584801106
lcl|NC_000913.3_cds_NP_415624.1_1084,0.162963852286339,-0.787983179092407,8.49345444934404e-07,7.21824799057625e-05,0.162963002920151,0.162963002920151,-0.787910981187352,-0.787910981187352
lcl|NC_000913.3_cds_NP_415625.1_1085,0.696316421031952,-0.157186836004257,4.25594654983516e-05,2.00126616885982e-05,0.696358978748322,0.696358978748322,-0.157166820305953,-0.157166820305953
lcl|NC_000913.3_cds_NP_415627.1_1087,1.42166304588318,0.152793079614639,5.30497997402761e-05,1.26074567578209e-05,1.42160999774933,1.42160999774933,0.152780469068557,0.152780469068557
lcl|NC_000913.3_cds_NP_415628.1_1088,0.781346440315247,-0.10713055729866,3.75511479513115e-05,4.93993598075448e-06,0.781383991241455,0.781383991241455,-0.107135490713894,-0.107135490713894
lcl|NC_000913.3_cds_NP_415631.1_1091,0.822870433330536,-0.0846373587846756,7.95712408443656e-05,1.08039096362447e-05,0.822950005531311,0.822950005531311,-0.0846265475111555,-0.0846265475111555
lcl|NC_000913.3_cds_NP_415632.1_1092,0.956451952457428,-0.0193328820168972,9.06035901863139e-06,1.52744449747343e-07,0.956461012363434,0.956461012363434,-0.0193327281568267,-0.0193327281568267
lcl|NC_000913.3_cds_NP_415634.1_1094,0.771850764751434,-0.112504333257675,7.17705978982417e-05,2.71201645443245e-06,0.771779000759125,0.771779000759125,-0.112507042269553,-0.112507042269553
lcl|NC_000913.3_cds_NP_415637.1_1097,0.550122499465942,-0.259527504444122,1.34708655494555e-05,2.37250914615831e-05,0.550109028816223,0.550109028816223,-0.259551227013722,-0.259551227013722
lcl|NC_000913.3_cds_NP_415644.1_1104,1.05499076843262,0.023255193606019,1.91933094998348e-05,1.36727669861229e-06,1.05500996112823,1.05500996112823,0.0232565601480272,0.0232565601480272
lcl|NC_000913.3_cds_NP_415646.4_1106,0.956711232662201,-0.0192105732858181,2.07423869434578e-05,8.60641396805538e-07,0.956731975078583,0.956731975078583,-0.0192097111757381,-0.0192097111757381
lcl|NC_000913.3_cds_NP_415647.1_1107,0.29524639248848,-0.529785215854645,1.96104949841434e-05,1.37097539611117e-06,0.295266002416611,0.295266002416611,-0.529786555787603,-0.529786555787603
lcl|NC_000913.3_cds_NP_415651.4_1111,1.70632696151733,0.232096612453461,0.000193015108497099,1.47674581323737e-05,1.70651996135712,1.70651996135712,0.232111372636073,0.232111372636073
lcl|NC_000913.3_cds_NP_415653.4_1113,0.362061619758606,-0.441190868616104,1.33818790024273e-05,1.05804812720026e-05,0.362075001001358,0.362075001001358,-0.441201459446882,-0.441201459446882
lcl|NC_000913.3_cds_NP_415694.1_1157,0.411315381526947,-0.385924577713013,5.33777835302351e-05,4.31584063168558e-05,0.411262005567551,0.411262005567551,-0.385881410924922,-0.385881410924922
lcl|NC_000913.3_cds_NP_415698.1_1161,0.589674293994904,-0.2294662296772,7.02733358788285e-05,2.66763738625819e-05,0.589604020118713,0.589604020118713,-0.229439563972917,-0.229439563972917
lcl|NC_000913.3_cds_NP_415706.1_1169,0.71058988571167,-0.148315593600273,0.000101087285392819,3.60615232461694e-06,0.710690975189209,0.710690975189209,-0.148319199473025,-0.148319199473025
lcl|NC_000913.3_cds_NP_415707.1_1170,0.687472581863403,-0.16275617480278,3.95772919749822e-05,1.34570820468847e-05,0.687433004379272,0.687433004379272,-0.162769620764832,-0.162769620764832
lcl|NC_000913.3_cds_NP_415715.1_1178,0.452647179365158,-0.344234645366669,2.38142211931016e-05,1.73166904893603e-05,0.452670991420746,0.452670991420746,-0.34421733556783,-0.34421733556783
lcl|NC_000913.3_cds_NP_415717.1_1180,0.647342622280121,-0.188869655132294,3.36201239185752e-05,1.8701323886998e-05,0.647309005260468,0.647309005260468,-0.188888351103922,-0.188888351103922
lcl|NC_000913.3_cds_NP_415722.1_1185,0.515772700309753,-0.287577211856842,7.68917605308459e-06,2.90863748298e-05,0.515765011310577,0.515765011310577,-0.287548123055292,-0.287548123055292
lcl|NC_000913.3_cds_NP_415727.1_1190,0.927329957485199,-0.0327475965023041,3.50509933228202e-05,1.69869088986881e-06,0.927365005016327,0.927365005016327,-0.0327492966384651,-0.0327492966384651
lcl|NC_000913.3_cds_NP_415729.1_1192,1.6047375202179,0.205446198582649,0.000182528254607521,7.19787930151891e-06,1.6049200296402,1.6049200296402,0.205453397145098,0.205453397145098
lcl|NC_000913.3_cds_NP_415735.1_1201,0.59362119436264,-0.226534932851791,1.71669962368416e-05,3.17707556124644e-05,0.593604028224945,0.593604028224945,-0.226503160576183,-0.226503160576183
lcl|NC_000913.3_cds_NP_415736.2_1202,0.302017509937286,-0.519982695579529,1.64821915056957e-05,3.85054381294388e-05,0.302033990621567,0.302033990621567,-0.519944179199457,-0.519944179199457
lcl|NC_000913.3_cds_NP_415738.2_1204,0.256928354501724,-0.590196490287781,9.65588777821789e-06,2.47967724664736e-05,0.256938010454178,0.256938010454178,-0.590171643069591,-0.590171643069591
lcl|NC_000913.3_cds_NP_415740.1_1206,0.416563183069229,-0.380306363105774,5.28100978897197e-05,4.22895138451843e-05,0.4166159927845,0.4166159927845,-0.380264062653405,-0.380264062653405
lcl|NC_000913.3_cds_NP_415742.1_1208,2.31623601913452,0.364745080471039,0.000266087711841936,1.21591261147869e-05,2.31596994400024,2.31596994400024,0.364732918941607,0.364732918941607
lcl|NC_000913.3_cds_NP_415753.1_1218,2.74859476089478,0.439149856567383,0.000235332883379743,1.9670516107995e-06,2.74883008003235,2.74883008003235,0.439147894596065,0.439147894596065
lcl|NC_000913.3_cds_NP_415759.1_1223,1.27336359024048,0.104915127158165,0.000123621204372053,4.85829774806781e-06,1.27323997020721,1.27323997020721,0.104910263759806,0.104910263759806
lcl|NC_000913.3_cds_NP_415768.1_1233,0.556298315525055,-0.25464454293251,3.46905785415819e-05,2.06248651028218e-05,0.556333005428314,0.556333005428314,-0.254665174015339,-0.254665174015339
lcl|NC_000913.3_cds_NP_415777.1_1242,1.24535834789276,0.0952891930937767,1.1682361886102e-05,9.21654888976652e-06,1.24537003040314,1.24537003040314,0.0952984102956506,0.0952984102956506
lcl|NC_000913.3_cds_NP_415780.1_1245,1.05475974082947,0.0231813117861748,7.02152329040671e-05,1.14189657035294e-06,1.05482995510101,1.05482995510101,0.0231824544076627,0.0231824544076627
lcl|NC_000913.3_cds_NP_415782.1_1247,0.265548497438431,-0.575847029685974,1.44845773339847e-05,3.27851825441094e-05,0.26553401350975,0.26553401350975,-0.575879840181554,-0.575879840181554
lcl|NC_000913.3_cds_NP_415787.1_1252,0.622519016265869,-0.205908745527267,7.0038117576367e-05,1.25031353937211e-05,0.622448980808258,0.622448980808258,-0.205896239833008,-0.205896239833008
lcl|NC_000913.3_cds_NP_415788.1_1253,0.5917888879776,-0.227865889668465,2.39025877797853e-05,1.51549255265497e-05,0.591764986515045,0.591764986515045,-0.227850734702857,-0.227850734702857
lcl|NC_000913.3_cds_NP_415790.1_1255,1.55176115036011,0.190822020173073,3.88663819845425e-05,1.3725022086701e-05,1.5518000125885,1.5518000125885,0.190835751055147,0.190835751055147
lcl|NC_000913.3_cds_NP_415792.1_1259,0.681151926517487,-0.166750282049179,7.92804357219262e-06,1.0789601579214e-05,0.681143999099731,0.681143999099731,-0.166761065174679,-0.166761065174679
lcl|NC_000913.3_cds_NP_415798.2_1265,0.64305716753006,-0.191772952675819,4.11887044883012e-05,5.27519521923865e-06,0.64301598072052,0.64301598072052,-0.191778233526019,-0.191778233526019
lcl|NC_000913.3_cds_NP_415802.1_1271,1.59277641773224,0.202154234051704,3.36201239185752e-05,9.74634801084416e-06,1.59281003475189,1.59281003475189,0.202163983096479,0.202163983096479
lcl|NC_000913.3_cds_NP_415807.1_1276,0.718784272670746,-0.143345952033997,7.47509113532673e-05,1.03270936546375e-05,0.718859016895294,0.718859016895294,-0.143356275386351,-0.143356275386351
lcl|NC_000913.3_cds_NP_415813.4_1282,0.796904861927032,-0.0985596850514412,7.31342828092355e-05,6.01298552008304e-06,0.796977996826172,0.796977996826172,-0.0985536685523029,-0.0985536685523029
lcl|NC_000913.3_cds_NP_415815.1_1284,0.474321335554123,-0.323956310749054,2.65240742827578e-06,3.14146218795425e-05,0.474323987960815,0.474323987960815,-0.32392491124191,-0.32392491124191
lcl|NC_000913.3_cds_NP_415816.1_1285,1.09375464916229,0.0389380417764187,3.54064524765301e-05,4.07205031120245e-06,1.09379005432129,1.09379005432129,0.0389339700780965,0.0389339700780965
lcl|NC_000913.3_cds_NP_415841.4_1310,0.287908017635345,-0.540703535079956,5.99089344067384e-06,3.36786599593664e-05,0.287914007902145,0.287914007902145,-0.540737204845396,-0.540737204845396
lcl|NC_000913.3_cds_NP_415842.2_1311,0.460004448890686,-0.337173193693161,3.95513535895722e-05,2.74500441734019e-05,0.460043996572495,0.460043996572495,-0.337200632329402,-0.337200632329402
lcl|NC_000913.3_cds_NP_415845.2_1316,0.425726175308228,-0.370866417884827,3.71674735303724e-05,4.11312323305231e-05,0.42568901181221,0.42568901181221,-0.370907559996491,-0.370907559996491
lcl|NC_000913.3_cds_NP_415847.1_1318,0.466960161924362,-0.330752909183502,2.11609625440052e-05,1.30547226931792e-05,0.466939002275467,0.466939002275467,-0.330739848995768,-0.330739848995768
lcl|NC_000913.3_cds_NP_415854.4_1325,0.549315869808197,-0.260180681943893,7.86820644319798e-06,3.39738177973762e-06,0.549308001995087,0.549308001995087,-0.260184074386619,-0.260184074386619
lcl|NC_000913.3_cds_NP_415859.1_1330,0.326414853334427,-0.486286967992783,1.08480658177298e-05,4.24385188524124e-05,0.326404005289078,0.326404005289078,-0.486244520677146,-0.486244520677146
lcl|NC_000913.3_cds_NP_415866.1_1337,0.769506454467773,-0.113814137876034,4.74501829231663e-05,3.72547655832046e-07,0.769459009170532,0.769459009170532,-0.113814511069951,-0.113814511069951
lcl|NC_000913.3_cds_NP_415888.1_1357,0.633818626403809,-0.197999998927116,3.33802707607879e-05,1.21298146516327e-05,0.633852005004883,0.633852005004883,-0.198012131570296,-0.198012131570296
lcl|NC_000913.3_cds_NP_415896.1_1365,1.02305138111115,0.00987196993082762,6.13949541523191e-05,5.85792830442794e-07,1.02298998832703,1.02298998832703,0.00987138343297804,0.00987138343297804
lcl|NC_000913.3_cds_NP_415897.1_1367,0.765135049819946,-0.116279274225235,1.90744401823174e-05,6.54224299037251e-06,0.765115976333618,0.765115976333618,-0.116272729468415,-0.116272729468415
lcl|NC_000913.3_cds_NP_415899.1_1369,0.351874351501465,-0.453600347042084,3.76440715533186e-05,3.43958956251745e-05,0.351911991834641,0.351911991834641,-0.453565933793177,-0.453565933793177
lcl|NC_000913.3_cds_NP_415903.4_1373,0.286046504974365,-0.543597340583801,2.44993036023518e-05,3.2188118280911e-06,0.286022007465363,0.286022007465363,-0.543600549552576,-0.543600549552576
lcl|NC_000913.3_cds_NP_415904.3_1374,1.12375509738922,0.0506654158234596,5.126127708983e-06,4.27682187563412e-06,1.12374997138977,1.12374997138977,0.0506696936843197,0.0506696936843197
lcl|NC_000913.3_cds_NP_415905.1_1375,0.484210401773453,-0.31494265794754,1.06096297131031e-05,1.37093016331513e-05,0.484221011400223,0.484221011400223,-0.314956369505622,-0.314956369505622
lcl|NC_000913.3_cds_NP_415910.1_1380,0.504687130451202,-0.297035217285156,2.71202986132536e-05,3.40947978902279e-05,0.50466001033783,0.50466001033783,-0.297001107744409,-0.297001107744409
lcl|NC_000913.3_cds_NP_415915.1_1385,0.415027499198914,-0.381901115179062,2.64968635880179e-05,4.97411161891668e-05,0.415001004934311,0.415001004934311,-0.381950851632733,-0.381950851632733
lcl|NC_000913.3_cds_NP_415916.1_1386,0.456501722335815,-0.340576380491257,2.37250914615831e-05,3.75500738723595e-06,0.456477999687195,0.456477999687195,-0.340580148786186,-0.340580148786186
lcl|NC_000913.3_cds_NP_415928.1_1398,0.171022266149521,-0.766985535621643,7.73372957639751e-06,5.78214402710452e-05,0.17102999985218,0.17102999985218,-0.766927704651562,-0.766927704651562
lcl|NC_000913.3_cds_NP_415933.1_1403,0.656854689121246,-0.182501554489136,3.03398281485936e-05,9.09077585131508e-06,0.656885027885437,0.656885027885437,-0.182510636717778,-0.182510636717778
lcl|NC_000913.3_cds_NP_415940.1_1411,0.347673952579498,-0.45877730846405,3.70474604313963e-05,4.26184973627848e-06,0.347710996866226,0.347710996866226,-0.458781573904612,-0.458781573904612
lcl|NC_000913.3_cds_NP_415941.5_1412,0.886267483234406,-0.052453376352787,3.35015172202346e-05,1.77715474196435e-06,0.886233985424042,0.886233985424042,-0.0524515995999161,-0.0524515995999161
lcl|NC_000913.3_cds_NP_415948.1_1418,1.09792983531952,0.0405652038753033,1.97886459874911e-05,1.55723205778441e-06,1.09791004657745,1.09791004657745,0.0405667591711078,0.0405667591711078
lcl|NC_000913.3_cds_NP_415952.2_1423,0.794915497303009,-0.0996860265731812,3.74907411483388e-05,1.35005630597546e-05,0.794878005981445,0.794878005981445,-0.0996995196385412,-0.0996995196385412
lcl|NC_000913.3_cds_NP_415958.1_1429,0.534038662910461,-0.272442370653152,1.03124325514109e-05,2.34558962516874e-05,0.534048974514008,0.534048974514008,-0.272418914533404,-0.272418914533404
lcl|NC_000913.3_cds_NP_415961.1_1432,0.70395964384079,-0.152504235506058,9.66229624079031e-05,7.62977605473796e-06,0.703863024711609,0.703863024711609,-0.152511848528093,-0.152511848528093
lcl|NC_000913.3_cds_NP_415966.6_1438,0.409667193889618,-0.387631058692932,1.0193493675336e-05,5.14438349633019e-05,0.409657001495361,0.409657001495361,-0.387579618163756,-0.387579618163756
lcl|NC_000913.3_cds_NP_415968.1_1440,0.394301980733871,-0.404102265834808,3.20082301405979e-05,3.35297501068148e-05,0.394333988428116,0.394333988428116,-0.404135788611226,-0.404135788611226
lcl|NC_000913.3_cds_NP_415969.1_1441,1.181556224823,0.0723928362131119,0.000146268565618471,7.79339901151501e-06,1.18140995502472,1.18140995502472,0.0724006260732155,0.0724006260732155
lcl|NC_000913.3_cds_NP_415981.1_1452,0.761099457740784,-0.118612624704838,0.000105445611621397,6.13934198786472e-06,0.760994017124176,0.760994017124176,-0.118618757605472,-0.118618757605472
lcl|NC_000913.3_cds_NP_415991.1_1461,1.94840776920319,0.289635807275772,8.77424253511148e-05,2.44993036023518e-05,1.94832003116608,1.94832003116608,0.289660295640014,0.289660295640014
lcl|NC_000913.3_cds_NP_415996.2_1466,1.27117085456848,0.104140274226665,0.000150811047470177,1.21298146516327e-05,1.2710200548172,1.2710200548172,0.104152403132869,0.104152403132869
lcl|NC_000913.3_cds_NP_416004.1_1474,0.607096195220947,-0.216688275337219,6.07993252316933e-05,1.07289191668532e-05,0.607156991958618,0.607156991958618,-0.216698999326951,-0.216698999326951
lcl|NC_000913.3_cds_NP_416006.4_1476,0.610839188098907,-0.214104026556015,1.21591261147869e-05,2.22641225919485e-05,0.610827028751373,0.610827028751373,-0.214081753904646,-0.214081753904646
lcl|NC_000913.3_cds_NP_416028.3_1497,0.28370800614357,-0.547055602073669,1.69876489038261e-05,4.67939952822973e-05,0.283724993467331,0.283724993467331,-0.547102405315035,-0.547102405315035
lcl|NC_000913.3_cds_NP_416030.1_1499,0.529928922653198,-0.27579391002655,3.93410322159899e-06,8.2857880522613e-06,0.529924988746643,0.529924988746643,-0.275785600736855,-0.275785600736855
lcl|NC_000913.3_cds_NP_416033.1_1502,0.397508859634399,-0.400634527206421,2.21429487951517e-05,5.54325105368768e-06,0.397531002759933,0.397531002759933,-0.400628995806204,-0.400628995806204
lcl|NC_000913.3_cds_NP_416039.1_1508,0.405323535203934,-0.392137855291367,4.04734246340536e-05,1.69587358790314e-05,0.405364006757736,0.405364006757736,-0.392154815979633,-0.392154815979633
lcl|NC_000913.3_cds_NP_416103.2_1574,0.357613325119019,-0.446596086025238,1.43366658539421e-05,7.62977605473796e-06,0.35759899020195,0.35759899020195,-0.446603716247317,-0.446603716247317
lcl|NC_000913.3_cds_NP_416104.1_1575,0.722787976264954,-0.140949472784996,7.80235529099827e-05,7.27159370745e-06,0.722865998744965,0.722865998744965,-0.140942202566241,-0.140942202566241
lcl|NC_000913.3_cds_NP_416105.4_1576,0.504873514175415,-0.296858191490173,2.15177669281092e-05,2.22641225919485e-05,0.504851996898651,0.504851996898651,-0.2968359215864,-0.2968359215864
lcl|NC_000913.3_cds_NP_416106.1_1577,0.901478052139282,-0.0449830181896687,0.000125949360407814,1.15496025079981e-06,0.901603996753693,0.901603996753693,-0.0449841717576165,-0.0449841717576165
lcl|NC_000913.3_cds_NP_416112.1_1583,0.418456256389618,-0.37840148806572,9.26881011463866e-06,4.19344397448519e-05,0.418446987867355,0.418446987867355,-0.378359554002809,-0.378359554002809
lcl|NC_000913.3_cds_NP_416115.1_1587,0.245824173092842,-0.609405815601349,3.51705365359682e-05,3.17121742887705e-05,0.245789006352425,0.245789006352425,-0.609437546133262,-0.609437546133262
lcl|NC_000913.3_cds_NP_416119.1_1591,1.56445217132568,0.194342374801636,2.21730042147507e-05,1.37702623488886e-05,1.56442999839783,1.56442999839783,0.194356135082274,0.194356135082274
lcl|NC_000913.3_cds_NP_416121.1_1593,2.12637758255005,0.327636748552322,1.76438573854366e-05,2.98038127138202e-08,2.1263599395752,2.1263599395752,0.327636781607816,0.327636781607816
lcl|NC_000913.3_cds_NP_416126.1_1598,0.450182288885117,-0.346665918827057,3.32893942115732e-05,2.22035477274909e-05,0.45014899969101,0.45014899969101,-0.346643710595902,-0.346643710595902
lcl|NC_000913.3_cds_NP_416127.1_1599,0.447055220603943,-0.349610447883606,1.77919271851915e-05,1.10865021073754e-05,0.447073012590408,0.447073012590408,-0.349621545378693,-0.349621545378693
lcl|NC_000913.3_cds_NP_416128.1_1600,0.780275046825409,-0.107733681797981,1.89548752135249e-05,8.04682925986255e-06,0.780294001102448,0.780294001102448,-0.107741731926089,-0.107741731926089
lcl|NC_000913.3_cds_NP_416130.3_1602,1.01667547225952,0.00720549328252673,5.44840149396977e-05,1.24342592974198e-07,1.01672995090485,1.01672995090485,0.00720561722391656,0.00720561722391656
lcl|NC_000913.3_cds_NP_416131.1_1603,0.888311743736267,-0.0514201857149601,3.82679139925117e-05,4.29546023054695e-06,0.888350009918213,0.888350009918213,-0.0514158884706069,-0.0514158884706069
lcl|NC_000913.3_cds_NP_416134.1_1606,1.08761370182037,0.0364786759018898,1.63320932877435e-05,2.51842307271512e-06,1.08763003349304,1.08763003349304,0.0364811915600108,0.0364811915600108
lcl|NC_000913.3_cds_NP_416141.4_1613,0.460730671882629,-0.336596518754959,4.67945601743656e-06,3.92209899682868e-05,0.460725992918015,0.460725992918015,-0.336557285332689,-0.336557285332689
lcl|NC_000913.3_cds_NP_416146.1_1619,0.834481656551361,-0.0785943493247032,7.62977605473796e-06,7.16833292697107e-06,0.83447402715683,0.83447402715683,-0.0785871761063739,-0.0785871761063739
lcl|NC_000913.3_cds_NP_416148.1_1621,0.531735479831696,-0.274328619241714,2.14578383337064e-05,6.73543277472773e-06,0.531714022159576,0.531714022159576,-0.274321886486217,-0.274321886486217
lcl|NC_000913.3_cds_NP_416154.1_1627,2.1197509765625,0.326339662075043,6.91433340550998e-05,4.06526085846498e-05,2.11982011795044,2.11982011795044,0.326299009468363,0.326299009468363
lcl|NC_000913.3_cds_NP_416155.1_1628,0.94140762090683,-0.0262144133448601,1.9371585490463e-05,1.05992099243946e-06,0.941426992416382,0.941426992416382,-0.0262133538417934,-0.0262133538417934
lcl|NC_000913.3_cds_NP_416159.2_1632,0.441459387540817,-0.355037599802017,4.0620689772792e-05,3.16799370359211e-05,0.441500008106232,0.441500008106232,-0.355069284112479,-0.355069284112479
lcl|NC_000913.3_cds_NP_416163.1_1636,0.562988102436066,-0.249511405825615,7.09308675136739e-06,5.14140404131538e-06,0.562981009483337,0.562981009483337,-0.249506254554863,-0.249506254554863
lcl|NC_000913.3_cds_NP_416167.1_1640,1.27238345146179,0.10456570982933,0.000143412714235812,3.35289695439524e-06,1.27224004268646,1.27224004268646,0.104569060509572,0.104569060509572
lcl|NC_000913.3_cds_NP_416168.1_1641,2.09432578086853,0.321043998003006,3.57623444842753e-05,7.18280867742464e-06,2.09429001808167,2.09429001808167,0.321036822773143,0.321036822773143
lcl|NC_000913.3_cds_NP_416170.1_1643,0.254486620426178,-0.594277858734131,3.8744956978865e-07,5.65071110507705e-05,0.254487007856369,0.254487007856369,-0.594334384487591,-0.594334384487591
lcl|NC_000913.3_cds_NP_416175.1_1649,1.43087780475616,0.15563727915287,8.22624646610462e-05,9.76105572843556e-06,1.43096005916595,1.43096005916595,0.155627511938737,0.155627511938737
lcl|NC_000913.3_cds_NP_416181.1_1655,0.361568808555603,-0.441851913928986,1.57961744603552e-05,2.39025877797853e-05,0.361553013324738,0.361553013324738,-0.44182801453433,-0.44182801453433
lcl|NC_000913.3_cds_NP_416191.1_1665,4.41517114639282,0.64499032497406,5.86539290371767e-05,3.70145428943287e-05,4.41522979736328,4.41522979736328,0.644953312019968,0.644953312019968
lcl|NC_000913.3_cds_NP_416193.1_1667,0.271886110305786,-0.565597534179688,1.11170708292672e-05,3.3260963980242e-05,0.271874994039536,0.271874994039536,-0.565630735222563,-0.565630735222563
lcl|NC_000913.3_cds_NP_416196.1_1670,0.564442098140717,-0.248434618115425,4.70909772198465e-05,1.77639685674937e-05,0.564395010471344,0.564395010471344,-0.248416834276905,-0.248416834276905
lcl|NC_000913.3_cds_NP_416198.2_1672,0.830170333385468,-0.0808069184422493,5.76380497717645e-05,4.28458227427511e-06,0.830227971076965,0.830227971076965,-0.080802638965517,-0.080802638965517
lcl|NC_000913.3_cds_NP_416201.1_1675,0.373472183942795,-0.427748084068298,3.31717018206156e-05,3.22476449074068e-05,0.373439013957977,0.373439013957977,-0.427780312360235,-0.427780312360235
lcl|NC_000913.3_cds_NP_416202.1_1676,0.57369726896286,-0.241353020071983,3.72560335870436e-05,7.59991565396167e-06,0.573660016059875,0.573660016059875,-0.241345419264688,-0.241345419264688
lcl|NC_000913.3_cds_NP_416209.1_1683,0.467241853475571,-0.330508768558502,4.18457824829811e-05,1.16234131715269e-05,0.467200011014938,0.467200011014938,-0.330497155656515,-0.330497155656515
lcl|NC_000913.3_cds_NP_416210.4_1684,1.14193511009216,0.0576769299805164,8.48770377048248e-05,3.22241823274478e-06,1.14201998710632,1.14201998710632,0.0576737047977677,0.0576737047977677
lcl|NC_000913.3_cds_NP_416212.1_1686,0.759763598442078,-0.11933546513319,2.46191479545947e-05,1.34117158100325e-07,0.759738981723785,0.759738981723785,-0.119335589650466,-0.119335589650466
lcl|NC_000913.3_cds_NP_416213.1_1687,0.92881315946579,-0.032024409621954,9.9844652088848e-05,5.51370543294894e-07,0.928912997245789,0.928912997245789,-0.0320249604794343,-0.0320249604794343
lcl|NC_000913.3_cds_NP_416216.4_1690,0.290772825479507,-0.536445617675781,1.3172965201649e-05,1.90744401823174e-05,0.290785998106003,0.290785998106003,-0.536426509407571,-0.536426509407571
lcl|NC_000913.3_cds_NP_416217.1_1691,1.82160604000092,0.260497659444809,0.000154021752517755,6.46783352452493e-06,1.82176005840302,1.82176005840302,0.260491176054312,0.260491176054312
lcl|NC_000913.3_cds_NP_416219.1_1693,0.657076597213745,-0.182406902313232,6.96172299787521e-05,2.31133978659337e-05,0.657006978988647,0.657006978988647,-0.182430017167524,-0.182430017167524
lcl|NC_000913.3_cds_NP_416220.1_1694,0.573383212089539,-0.241537615656853,2.77788840209204e-05,3.60615232461694e-06,0.573410987854004,0.573410987854004,-0.241533989243317,-0.241533989243317
lcl|NC_000913.3_cds_NP_416227.1_1701,0.409420907497406,-0.387879014015198,1.59158519006973e-05,3.21296645534642e-05,0.409404993057251,0.409404993057251,-0.387846865034557,-0.387846865034557
lcl|NC_000913.3_cds_NP_416228.1_1702,2.24008989334106,0.350270688533783,0.000199814835058016,4.3993399030674e-05,2.23989009857178,2.23989009857178,0.350226709961506,0.350226709961506
lcl|NC_000913.3_cds_NP_416233.1_1707,0.932531654834747,-0.0303680412471294,7.4684777477529e-05,3.16095752433904e-06,0.932456970214844,0.932456970214844,-0.0303712003015047,-0.0303712003015047
lcl|NC_000913.3_cds_NP_416241.1_1716,0.486819565296173,-0.312578797340393,2.54218188128079e-05,3.04892870021815e-05,0.48684498667717,0.48684498667717,-0.312609297814711,-0.312609297814711
lcl|NC_000913.3_cds_NP_416259.1_1734,0.508346915245056,-0.293781191110611,4.91147359029177e-05,1.66609584445304e-05,0.508396029472351,0.508396029472351,-0.293797849905956,-0.293797849905956
lcl|NC_000913.3_cds_NP_416260.1_1735,0.443186610937119,-0.353342175483704,2.23834017207804e-05,4.92634845545495e-05,0.443208992481232,0.443208992481232,-0.353391436579811,-0.353391436579811
lcl|NC_000913.3_cds_NP_416263.1_1738,1.01043903827667,0.00451025646179914,9.53722006842245e-07,2.70573288896255e-07,1.01043999195099,1.01043999195099,0.00451052671980299,0.00451052671980299
lcl|NC_000913.3_cds_NP_416268.2_1743,0.325622379779816,-0.487304747104645,1.53783521061692e-05,1.51989076434836e-06,0.325607001781464,0.325607001781464,-0.487306264709255,-0.487306264709255
lcl|NC_000913.3_cds_NP_416271.4_1746,0.986308991909027,-0.00600789720192552,4.60164987891923e-05,6.2777704661092e-07,0.98626297712326,0.98626297712326,-0.00600726935317507,-0.00600726935317507
lcl|NC_000913.3_cds_NP_416275.1_1750,1.48442900180817,0.171601831912994,0.000110992139133764,9.925045208135e-06,1.48453998565674,1.48453998565674,0.171591899686329,0.171591899686329
lcl|NC_000913.3_cds_NP_416277.1_1752,0.621734797954559,-0.206329122185707,5.01909400169816e-05,3.06529472162897e-05,0.62178498506546,0.62178498506546,-0.206359769558748,-0.206359769558748
lcl|NC_000913.3_cds_NP_416291.4_1766,0.567827224731445,-0.245848312973976,7.12348978341143e-05,1.00444327457747e-05,0.567755997180939,0.567755997180939,-0.245838269651014,-0.245838269651014
lcl|NC_000913.3_cds_NP_416293.1_1768,6.75775527954102,0.829709053039551,0.000365274303800718,6.99215803964816e-05,6.75739002227783,6.75739002227783,0.829778986208493,0.829778986208493
lcl|NC_000913.3_cds_NP_416294.4_1769,1.03869545459747,0.0164643228054047,5.54340280409295e-05,7.30147617881373e-07,1.03864002227783,1.03864002227783,0.0164650534020459,0.0164650534020459
lcl|NC_000913.3_cds_NP_416297.1_1772,0.850591599941254,-0.0702559798955917,3.14146218795425e-05,6.89193631385894e-06,0.85062301158905,0.85062301158905,-0.0702628726554263,-0.0702628726554263
lcl|NC_000913.3_cds_NP_416298.1_1773,0.707386434078217,-0.150388658046722,6.34243485775409e-05,6.4376236561822e-06,0.707323014736176,0.707323014736176,-0.150382210699808,-0.150382210699808
lcl|NC_000913.3_cds_NP_416308.4_1783,0.252709120512009,-0.597301840782166,2.88805263322314e-05,2.76579380749439e-05,0.252737998962402,0.252737998962402,-0.597329457332004,-0.597329457332004
lcl|NC_000913.3_cds_NP_416314.1_1791,0.745739042758942,-0.127356857061386,9.79325762752969e-05,7.5994538217418e-07,0.745836973190308,0.745836973190308,-0.127356091268998,-0.127356091268998
lcl|NC_000913.3_cds_NP_416317.1_1794,0.237164407968521,-0.624969959259033,6.5864826008245e-06,3.15316123462941e-05,0.237170994281769,0.237170994281769,-0.624938425736275,-0.624938425736275
lcl|NC_000913.3_cds_NP_416319.1_1796,0.895926475524902,-0.0477537475526333,4.75088794133767e-05,3.08838291309245e-06,0.895878970623016,0.895878970623016,-0.0477506576826161,-0.0477506576826161
lcl|NC_000913.3_cds_NP_416320.1_1797,0.468547374010086,-0.329273611307144,1.63908910214763e-06,2.86429709992096e-05,0.468549013137817,0.468549013137817,-0.329244972498882,-0.329244972498882
lcl|NC_000913.3_cds_NP_416321.1_1798,0.772101759910583,-0.112260311841965,0.000105271033225781,5.94623813679454e-06,0.772207021713257,0.772207021713257,-0.112266253634715,-0.112266253634715
lcl|NC_000913.3_cds_NP_416325.1_1802,0.674314498901367,-0.171143159270287,1.94926960216883e-05,6.89995268246858e-06,0.674295008182526,0.674295008182526,-0.171150055400934,-0.171150055400934
lcl|NC_000913.3_cds_NP_416326.1_1803,0.659632384777069,-0.180753588676453,5.9373074201461e-05,1.64661000186753e-05,0.659573018550873,0.659573018550873,-0.180737118543197,-0.180737118543197
lcl|NC_000913.3_cds_NP_416341.1_1819,0.650544166564941,-0.186652287840843,8.48193572203418e-05,1.4305830197368e-05,0.650628983974457,0.650628983974457,-0.186666593836531,-0.186666593836531
lcl|NC_000913.3_cds_NP_416344.1_1822,1.13352429866791,0.054441649466753,1.5736412886396e-05,4.78348924906396e-06,1.13354003429413,1.13354003429413,0.0544368631180215,0.0544368631180215
lcl|NC_000913.3_cds_NP_416348.2_1826,0.801150918006897,-0.0963258892297745,8.58976503192059e-05,6.34039730280362e-06,0.801065027713776,0.801065027713776,-0.0963322279470089,-0.0963322279470089
lcl|NC_000913.3_cds_NP_416349.2_1827,0.415278941392899,-0.381643980741501,7.92804357219262e-06,2.44087251835763e-05,0.415271013975143,0.415271013975143,-0.381668381700082,-0.381668381700082
lcl|NC_000913.3_cds_NP_416359.1_1837,0.558071851730347,-0.253338158130646,2.98627114894854e-05,5.00704048246458e-06,0.558041989803314,0.558041989803314,-0.253333121396153,-0.253333121396153
lcl|NC_000913.3_cds_NP_416363.1_1841,0.78954291343689,-0.102658092975616,4.89347349991343e-05,6.91448451873597e-06,0.789493978023529,0.789493978023529,-0.102651178285359,-0.102651178285359
lcl|NC_000913.3_cds_NP_416370.2_1848,0.89158034324646,-0.0498642474412918,4.53599203559575e-05,2.63759760961933e-06,0.891534984111786,0.891534984111786,-0.04986161030287,-0.04986161030287
lcl|NC_000913.3_cds_NP_416378.1_1857,3.15821099281311,0.499499320983887,9.89552984431977e-05,4.45890377275942e-05,3.15830993652344,3.15830993652344,0.499454746671983,0.499454746671983
lcl|NC_000913.3_cds_NP_416379.1_1858,0.485646724700928,-0.313701987266541,6.28848229925113e-06,2.80747427235028e-05,0.485653012990952,0.485653012990952,-0.313673912557169,-0.313673912557169
lcl|NC_000913.3_cds_NP_416380.1_1859,3.00198650360107,0.477489352226257,0.00020360854177131,5.11694983634162e-05,3.00219011306763,3.00219011306763,0.477438190386247,0.477438190386247
lcl|NC_000913.3_cds_NP_416389.4_1868,0.545909881591797,-0.262849926948547,4.7149070693908e-05,8.37537930505865e-06,0.545957028865814,0.545957028865814,-0.262841538359122,-0.262841538359122
lcl|NC_000913.3_cds_NP_416397.1_1876,0.501165986061096,-0.30003222823143,9.00056849558991e-06,2.16078192724895e-05,0.501174986362457,0.501174986362457,-0.30001061276936,-0.30001061276936
lcl|NC_000913.3_cds_NP_416402.1_1881,0.453791588544846,-0.343189746141434,5.60281183961456e-06,4.0831150317241e-05,0.453785985708237,0.453785985708237,-0.343148920578808,-0.343148920578808
lcl|NC_000913.3_cds_NP_416403.1_1882,0.328372716903687,-0.48360213637352,1.22786839757294e-05,1.45737108381464e-05,0.32838499546051,0.32838499546051,-0.483616694846064,-0.483616694846064
lcl|NC_000913.3_cds_NP_416410.1_1889,0.505368709564209,-0.296390771865845,1.5736412886396e-05,1.44246092984678e-05,0.505352973937988,0.505352973937988,-0.296405174187879,-0.296405174187879
lcl|NC_000913.3_cds_NP_416423.4_1903,0.692843437194824,-0.159414142370224,4.84617629849404e-05,1.88650385326413e-05,0.692794978618622,0.692794978618622,-0.159395268747822,-0.159395268747822
lcl|NC_000913.3_cds_NP_416430.1_1910,1.09338521957397,0.0387287363409996,0.000105271033225781,2.64881091313233e-06,1.0932799577713,1.0932799577713,0.0387313866036859,0.0387313866036859
lcl|NC_000913.3_cds_NP_416433.1_1913,1.99605345726013,0.300127178430557,0.000123503161248529,1.81207180372628e-05,1.99592995643616,1.99592995643616,0.300145296436812,0.300145296436812
lcl|NC_000913.3_cds_NP_416434.1_1914,0.796773493289948,-0.0986948385834694,6.65219279604841e-05,6.54224299037251e-06,0.796706974506378,0.796706974506378,-0.0987013809311117,-0.0987013809311117
lcl|NC_000913.3_cds_NP_416437.1_1917,0.535984098911285,-0.27083957195282,6.07956305739344e-06,1.34412748485302e-05,0.535978019237518,0.535978019237518,-0.270853020604986,-0.270853020604986
lcl|NC_000913.3_cds_NP_416438.1_1918,0.885210752487183,-0.0529548898339272,8.76274833070504e-06,2.73075261347662e-06,0.885201990604401,0.885201990604401,-0.0529576181208135,-0.0529576181208135
lcl|NC_000913.3_cds_NP_416448.1_1926,0.829214930534363,-0.0812976285815239,7.91027071791443e-05,6.16932030895898e-06,0.82929402589798,0.82929402589798,-0.0812914631946557,-0.0812914631946557
lcl|NC_000913.3_cds_NP_416450.2_1928,0.43505933880806,-0.361396491527557,9.65588777821789e-06,4.53599203559575e-05,0.435068994760513,0.435068994760513,-0.36144186564825,-0.36144186564825
lcl|NC_000913.3_cds_NP_416451.1_1929,0.712045788764954,-0.147460773587227,5.72233207894719e-05,3.59140433871232e-06,0.712103009223938,0.712103009223938,-0.147457178973089,-0.147457178973089
lcl|NC_000913.3_cds_NP_416453.1_1931,0.430678516626358,-0.365777313709259,4.34834394794645e-05,2.56328722798818e-05,0.430721998214722,0.430721998214722,-0.365802946999198,-0.365802946999198
lcl|NC_000913.3_cds_NP_416463.4_1941,1.08559203147888,0.0356549695134163,2.20556276955385e-05,2.85743820381837e-06,1.08556997776031,1.08556997776031,0.0356578240830343,0.0356578240830343
lcl|NC_000913.3_cds_NP_416464.1_1942,0.353702336549759,-0.451392590999603,3.33520594698536e-05,1.04311740495519e-05,0.353668987751007,0.353668987751007,-0.451403020589821,-0.451403020589821
lcl|NC_000913.3_cds_NP_416465.2_1943,0.554651439189911,-0.256024450063705,4.64314372458788e-05,8.22529292775136e-06,0.554605007171631,0.554605007171631,-0.256016213775119,-0.256016213775119
lcl|NC_000913.3_cds_NP_416470.1_1948,0.63463944196701,-0.197508260607719,4.1427602588402e-05,6.95945523827476e-06,0.634598016738892,0.634598016738892,-0.19750128950113,-0.19750128950113
lcl|NC_000913.3_cds_NP_416489.1_1964,0.391370177268982,-0.40742090344429,2.68231756351619e-05,3.83866189996696e-05,0.391396999359131,0.391396999359131,-0.407382508179211,-0.407382508179211
lcl|NC_000913.3_cds_NP_416498.1_1974,0.487112164497375,-0.312334686517715,6.82539749678079e-06,3.02499930853441e-05,0.487118989229202,0.487118989229202,-0.312364940112664,-0.312364940112664
lcl|NC_000913.3_cds_NP_416514.4_1993,0.516944110393524,-0.286554306745529,1.28752473123644e-05,8.73220084730585e-06,0.516956984996796,0.516956984996796,-0.286545592216931,-0.286545592216931
lcl|NC_000913.3_cds_NP_416520.1_2000,0.264891147613525,-0.576985239982605,1.11472594318985e-05,3.43958956251745e-05,0.264880001544952,0.264880001544952,-0.5769508297229,-0.5769508297229
lcl|NC_000913.3_cds_NP_416524.1_2005,1.35060334205627,0.130540996789932,7.66546466288718e-05,1.14744299196103e-05,1.35067999362946,1.35067999362946,0.130552467110125,0.130552467110125
lcl|NC_000913.3_cds_NP_416529.1_2010,1.24314415454865,0.0944833979010582,9.4181954439693e-05,5.20079178389267e-06,1.2430499792099,1.2430499792099,0.0944885906357751,0.0944885906357751
lcl|NC_000913.3_cds_NP_416535.1_2016,0.460923939943314,-0.336424678564072,4.59301796040174e-05,1.06699490683551e-05,0.460878014564514,0.460878014564514,-0.336414008692684,-0.336414008692684
lcl|NC_000913.3_cds_NP_416546.1_2027,1.25886845588684,0.100036606192589,0.000161534069336,5.28982665376315e-07,1.25902998447418,1.25902998447418,0.100036073186985,0.100036073186985
lcl|NC_000913.3_cds_NP_416552.1_2033,1.11132669448853,0.0458353981375694,2.67042164839058e-05,4.08664027376549e-06,1.11129999160767,1.11129999160767,0.0458313110680422,0.0458313110680422
lcl|NC_000913.3_cds_NP_416553.1_2034,0.976644456386566,-0.0102291153743863,7.85587889696613e-05,5.36468632401299e-07,0.97672301530838,0.97672301530838,-0.0102285785311831,-0.0102285785311831
lcl|NC_000913.3_cds_NP_416564.4_2045,1.24932754039764,0.0967246294021606,0.00010240181620826,1.27194455183667e-05,1.24942994117737,1.24942994117737,0.0967119091114491,0.0967119091114491
lcl|NC_000913.3_cds_NP_416567.4_2048,0.680655002593994,-0.167112052440643,4.60164987891923e-05,9.73134853756435e-06,0.680608987808228,0.680608987808228,-0.167102320109818,-0.167102320109818
lcl|NC_000913.3_cds_NP_416568.1_2049,0.315654993057251,-0.500823855400085,3.20082301405979e-05,7.5100147744719e-06,0.315622985363007,0.315622985363007,-0.500831376651391,-0.500831376651391
lcl|NC_000913.3_cds_NP_416571.1_2052,0.363782435655594,-0.439149022102356,1.85673035338062e-05,1.29356670490499e-05,0.363801002502441,0.363801002502441,-0.439136108514211,-0.439136108514211
lcl|NC_000913.3_cds_NP_416578.2_2061,0.803128778934479,-0.0952281206846237,3.97595010156029e-05,8.18811985783952e-06,0.803089022636414,0.803089022636414,-0.0952363103915172,-0.0952363103915172
lcl|NC_000913.3_cds_NP_416579.1_2062,1.13381004333496,0.0545668825507164,7.99966226092126e-05,4.0533184964798e-06,1.13389003276825,1.13389003276825,0.0545709377335085,0.0545709377335085
lcl|NC_000913.3_cds_NP_416580.1_2063,0.675293385982513,-0.170523077249527,7.62977605473796e-06,2.04762525560573e-05,0.675301015377045,0.675301015377045,-0.170502597277721,-0.170502597277721
lcl|NC_000913.3_cds_NP_416582.1_2065,0.6111741065979,-0.21386706829071,4.11312323305231e-05,2.78681485797464e-06,0.611132979393005,0.611132979393005,-0.213864279229065,-0.213864279229065
lcl|NC_000913.3_cds_NP_416584.4_2067,0.651491761207581,-0.186041936278343,5.22188907727166e-05,1.43366658539421e-05,0.651543974876404,0.651543974876404,-0.186056266978788,-0.186056266978788
lcl|NC_000913.3_cds_NP_416585.1_2068,1.75785601139069,0.245016723871231,0.000103951944455455,7.73372957639751e-06,1.75795996189117,1.75795996189117,0.245008979652577,0.245008979652577
lcl|NC_000913.3_cds_NP_416606.1_2088,0.629062712192535,-0.201286286115646,5.72859419984193e-05,1.97756767947861e-05,0.629119992256165,0.629119992256165,-0.201266513529706,-0.201266513529706
lcl|NC_000913.3_cds_NP_416616.4_2098,1.11105251312256,0.045722171664238,2.25317026024117e-05,3.61006579152892e-06,1.11102998256683,1.11102998256683,0.0457257790917495,0.0457257790917495
lcl|NC_000913.3_cds_NP_416617.1_2099,2.32561540603638,0.366472125053406,0.000125422435550453,4.23520139184912e-05,2.32548999786377,2.32548999786377,0.366514475912935,0.366514475912935
lcl|NC_000913.3_cds_NP_416623.2_2103,0.626424968242645,-0.203216314315796,7.99966226092126e-05,2.99231670127355e-05,0.626344978809357,0.626344978809357,-0.203186399815052,-0.203186399815052
lcl|NC_000913.3_cds_NP_416636.1_2117,1.24121069908142,0.0938554182648659,1.07289191668532e-05,1.36644069628796e-05,1.24119997024536,1.24119997024536,0.0938417565010134,0.0938417565010134
lcl|NC_000913.3_cds_NP_416651.1_2131,0.353501290082932,-0.451659291982651,2.92971248583507e-05,1.42767997403167e-05,0.353471994400024,0.353471994400024,-0.451644989672863,-0.451644989672863
lcl|NC_000913.3_cds_NP_416654.1_2134,0.412110298871994,-0.384997397661209,1.17133097398278e-05,2.32157186229394e-05,0.412122011184692,0.412122011184692,-0.384974189453164,-0.384974189453164
lcl|NC_000913.3_cds_NP_416655.1_2135,2.32047414779663,0.36565750837326,0.00021578848930878,4.0383517334e-05,2.32068991661072,2.32068991661072,0.365617115250652,0.365617115250652
lcl|NC_000913.3_cds_NP_416656.1_2136,0.641446113586426,-0.192878693342209,8.01126477194333e-05,1.53783521061692e-05,0.641366004943848,0.641366004943848,-0.192894063204842,-0.192894063204842
lcl|NC_000913.3_cds_NP_416658.1_2138,0.948657512664795,-0.0228839684277773,2.0504510835932e-05,2.80519940551621e-06,0.948678016662598,0.948678016662598,-0.0228811630355758,-0.0228811630355758
lcl|NC_000913.3_cds_NP_416660.1_2140,1.34059643745422,0.127307072281837,2.64648587186703e-05,1.75852682679841e-05,1.34056997299194,1.34056997299194,0.127289487540214,0.127289487540214
lcl|NC_000913.3_cds_NP_416674.1_2154,1.28228867053986,0.10802137106657,9.13185759501796e-05,4.64182588345154e-06,1.28237998485565,1.28237998485565,0.108016731012823,0.108016731012823
lcl|NC_000913.3_cds_NP_416678.1_2159,0.373535186052322,-0.427690297365189,8.04702957022775e-07,2.27398762607157e-05,0.373535990715027,0.373535990715027,-0.427667546951934,-0.427667546951934
lcl|NC_000913.3_cds_NP_416685.1_2166,0.228136897087097,-0.641728162765503,1.11017738637455e-05,5.51996214597487e-05,0.228147998452187,0.228147998452187,-0.64178333695042,-0.64178333695042
lcl|NC_000913.3_cds_NP_416688.1_2169,0.990556240081787,-0.00412604538723826,1.12658513012059e-05,2.44024703765343e-07,0.990544974803925,0.990544974803925,-0.00412580092731304,-0.00412580092731304
lcl|NC_000913.3_cds_NP_416689.1_2170,0.786501884460449,-0.104324966669083,6.58644000747011e-05,1.1638152108639e-05,0.786436021327972,0.786436021327972,-0.104336602620359,-0.104336602620359
lcl|NC_000913.3_cds_NP_416691.1_2172,0.917017757892609,-0.0375898592174053,6.82494688163735e-05,7.45095319621772e-08,0.917086005210876,0.917086005210876,-0.0375899338643194,-0.0375899338643194
lcl|NC_000913.3_cds_NP_416693.1_2174,0.865140438079834,-0.0629519894719124,8.64312770899578e-05,4.79091541430449e-06,0.86505401134491,0.86505401134491,-0.0629567756603272,-0.0629567756603272
lcl|NC_000913.3_cds_NP_416696.1_2176,0.462402582168579,-0.334962069988251,6.40821806997044e-06,1.165302960554e-05,0.462408989667892,0.462408989667892,-0.334973731410172,-0.334973731410172
lcl|NC_000913.3_cds_NP_416710.1_2190,2.36315226554871,0.37348410487175,0.00015235691078514,2.04155751586205e-05,2.36299991607666,2.36299991607666,0.373463706208144,0.373463706208144
lcl|NC_000913.3_cds_NP_416713.1_2193,0.872588872909546,-0.0592027828097343,1.78811722421377e-05,3.55430948392869e-06,0.872570991516113,0.872570991516113,-0.0591992291602129,-0.0591992291602129
lcl|NC_000913.3_cds_NP_416714.1_2194,0.980390727519989,-0.00863114278763533,6.9744050443662e-05,5.5512401773418e-07,0.980320990085602,0.980320990085602,-0.00863169839157254,-0.00863169839157254
lcl|NC_000913.3_cds_NP_416718.1_2198,0.96677702665329,-0.0146992951631546,5.60337476859713e-05,4.48020807935692e-07,0.966720998287201,0.966720998287201,-0.0146988479311444,-0.0146988479311444
lcl|NC_000913.3_cds_NP_416719.1_2199,6.24916744232178,0.795867025852203,0.000627535839492589,8.84573293225039e-05,6.24853992462158,6.24853992462158,0.795778549062705,0.795778549062705
lcl|NC_000913.3_cds_NP_416720.1_2200,0.460273534059525,-0.33696973323822,7.48079175318388e-06,7.21230464923388e-06,0.460281014442444,0.460281014442444,-0.336976938408069,-0.336976938408069
lcl|NC_000913.3_cds_NP_416722.2_2202,0.378889799118042,-0.421568125486374,4.18135531134985e-05,3.31111513759611e-05,0.378847986459732,0.378847986459732,-0.421535016641427,-0.421535016641427
lcl|NC_000913.3_cds_NP_416723.1_2203,0.484912395477295,-0.314272373914719,5.56118902074964e-05,1.45431874149e-05,0.48496800661087,0.48496800661087,-0.314286910904249,-0.314286910904249
lcl|NC_000913.3_cds_NP_416729.1_2209,0.339584678411484,-0.469075202941895,2.96865371007305e-05,1.46634822592942e-05,0.339554995298386,0.339554995298386,-0.469089876110012,-0.469089876110012
lcl|NC_000913.3_cds_NP_416730.1_2210,0.203734889626503,-0.690920293331146,5.88637215248081e-06,2.68231756351619e-05,0.203729003667831,0.203729003667831,-0.690947138715919,-0.690947138715919
lcl|NC_000913.3_cds_NP_416734.1_2214,2.49820494651794,0.39770120382309,0.000285172154996732,2.3574535346954e-05,2.49849009513855,2.49849009513855,0.397677632091514,0.397677632091514
lcl|NC_000913.3_cds_NP_416736.1_2216,0.40428164601326,-0.393325477838516,3.86573903788539e-05,3.20404177542664e-05,0.404242992401123,0.404242992401123,-0.39335749990122,-0.39335749990122
lcl|NC_000913.3_cds_NP_416745.1_2225,0.508791983127594,-0.2934530377388,2.1996699515337e-05,1.20699641375032e-05,0.508813977241516,0.508813977241516,-0.293440967022602,-0.293440967022602
lcl|NC_000913.3_cds_NP_416750.2_2231,0.9664027094841,-0.0148518113419414,2.06834437921474e-05,6.55683874859676e-07,0.966382026672363,0.966382026672363,-0.0148511559058917,-0.0148511559058917
lcl|NC_000913.3_cds_NP_416753.4_2234,0.977206468582153,-0.0100268786773086,3.04594396856606e-05,3.25049486493292e-07,0.977176010608673,0.977176010608673,-0.0100272033729373,-0.0100272033729373
lcl|NC_000913.3_cds_NP_416758.1_2239,0.663583219051361,-0.178092315793037,4.3810518812013e-05,1.6376239715679e-05,0.663627028465271,0.663627028465271,-0.178075934169261,-0.178075934169261
lcl|NC_000913.3_cds_NP_416764.1_2246,0.61486804485321,-0.211204200983047,9.53722006842245e-07,1.32025244724299e-05,0.614868998527527,0.614868998527527,-0.21121740337402,-0.21121740337402
lcl|NC_000913.3_cds_NP_416767.1_2249,0.746094167232513,-0.127197429537773,1.08480658177298e-05,2.60779351238797e-06,0.746105015277863,0.746105015277863,-0.127200040696395,-0.127200040696395
lcl|NC_000913.3_cds_NP_416768.4_2250,0.344711810350418,-0.462577939033508,3.08160498936223e-05,4.73871880338122e-06,0.344680994749069,0.344680994749069,-0.462582662351136,-0.462582662351136
lcl|NC_000913.3_cds_NP_416786.4_2268,2.21678614616394,0.345703184604645,8.60710677124366e-05,3.75500738723595e-06,2.21670007705688,2.21670007705688,0.345706936375365,0.345706936375365
lcl|NC_000913.3_cds_NP_416788.1_2270,1.45116853713989,0.161714032292366,2.84926840650957e-05,4.69389349391394e-06,1.45114004611969,1.45114004611969,0.161709327201375,0.161709327201375
lcl|NC_000913.3_cds_NP_416800.1_2282,4.16806030273438,0.619993686676025,0.00032950963590641,2.53325492516592e-05,4.16838979721069,4.16838979721069,0.619968324221936,0.619968324221936
lcl|NC_000913.3_cds_NP_416801.2_2283,0.708005607128143,-0.149990558624268,2.56328722798818e-05,1.15189590418984e-05,0.70797997713089,0.70797997713089,-0.149979024717761,-0.149979024717761
lcl|NC_000913.3_cds_NP_416805.1_2287,0.358342826366425,-0.445757865905762,2.18171154823502e-05,3.01304316589871e-05,0.358321011066437,0.358321011066437,-0.445727725122548,-0.445727725122548
lcl|NC_000913.3_cds_NP_416812.1_2294,1.06640636920929,0.0279236305505037,3.57645754934199e-06,5.56976865227992e-07,1.06640994548798,1.06640994548798,0.0279241867156366,0.0279241867156366
lcl|NC_000913.3_cds_NP_416817.2_2299,0.612179756164551,-0.21313488483429,2.37849525471782e-05,3.02524968334215e-06,0.612155973911285,0.612155973911285,-0.213137907954847,-0.213137907954847
lcl|NC_000913.3_cds_NP_416826.1_2308,3.46241760253906,0.539376735687256,0.000147591734310094,1.57961744603552e-05,3.4622700214386,3.4622700214386,0.53936093536138,0.53936093536138
lcl|NC_000913.3_cds_NP_416827.4_2309,0.233744114637375,-0.631315588951111,1.1175732651336e-06,5.41853102721487e-05,0.233742997050285,0.233742997050285,-0.631261391740908,-0.631261391740908
lcl|NC_000913.3_cds_NP_416832.1_2314,1.17081820964813,0.0684431493282318,0.000108244594993229,6.16932030895898e-06,1.17070996761322,1.17070996761322,0.0684493160232598,0.0684493160232598
lcl|NC_000913.3_cds_NP_416839.1_2321,0.927404582500458,-0.0327142439782619,3.94015049221188e-05,1.92973689450827e-06,0.927443981170654,0.927443981170654,-0.0327123128753903,-0.0327123128753903
lcl|NC_000913.3_cds_NP_416841.1_2323,2.09769463539124,0.321776419878006,0.000125422435550453,8.19629563602734e-06,2.09782004356384,2.09782004356384,0.321768230549989,0.321768230549989
lcl|NC_000913.3_cds_NP_416860.4_2342,1.34501934051514,0.128781750798225,0.000140682146143873,7.80879052049096e-06,1.34516000747681,1.34516000747681,0.128773946963794,0.128773946963794
lcl|NC_000913.3_cds_NP_416861.1_2343,1.51583623886108,0.180672183632851,0.00012373967322236,1.5557438507918e-05,1.51595997810364,1.51595997810364,0.18068773591465,0.18068773591465
lcl|NC_000913.3_cds_NP_416880.1_2365,1.05987679958344,0.0252801310271025,5.31694855560384e-05,2.95996878437091e-06,1.05992996692657,1.05992996692657,0.0252771709420097,0.0252771709420097
lcl|NC_000913.3_cds_NP_416899.1_2383,2.57214879989624,0.410216987133026,0.000128749268157801,5.73708020092927e-05,2.57202005386353,2.57202005386353,0.410274350429602,0.410274350429602
lcl|NC_000913.3_cds_NP_416907.1_2392,1.1214337348938,0.0498050637543201,8.63168126337117e-05,1.97818428604523e-06,1.12152004241943,1.12152004241943,0.0498070391623099,0.0498070391623099
lcl|NC_000913.3_cds_NP_416909.1_2394,1.3974746465683,0.145375624299049,5.53158761498877e-05,1.44996486740545e-05,1.39752995967865,1.39752995967865,0.145361126886654,0.145361126886654
